% number of repeats:% 3
% enter first, last, inc:% 48 1488 48 
data = [
%  n          reference      |         current implementation 
%        time       GFLOPS   |    time       GFLOPS     diff 
  1488 2.7629e-01 2.3849e+01    1.3967e+00 4.7177e+00 1.8190e-12
  1440 2.5121e-01 2.3773e+01    1.2547e+00 4.7595e+00 1.8190e-12
  1392 2.2526e-01 2.3948e+01    1.1330e+00 4.7613e+00 1.6485e-12
  1344 2.1618e-01 2.2460e+01    1.0414e+00 4.6625e+00 1.5348e-12
  1296 1.8466e-01 2.3576e+01    9.2507e-01 4.7062e+00 1.3642e-12
  1248 1.6418e-01 2.3679e+01    8.0254e-01 4.8440e+00 1.4211e-12
  1200 1.4472e-01 2.3880e+01    7.3322e-01 4.7135e+00 1.1369e-12
  1152 1.2933e-01 2.3642e+01    6.3210e-01 4.8373e+00 9.6634e-13
  1104 1.1331e-01 2.3750e+01    4.6436e-01 5.7954e+00 6.8212e-13
  1056 9.9289e-02 2.3720e+01    2.7266e-01 8.6376e+00 5.1159e-13
  1008 8.6078e-02 2.3797e+01    1.9041e-01 1.0758e+01 2.2737e-13
   960 7.4476e-02 2.3759e+01    1.4117e-01 1.2534e+01 1.7053e-13
   912 6.4636e-02 2.3471e+01    1.1299e-01 1.3427e+01 1.1369e-13
   864 5.4454e-02 2.3689e+01    9.6845e-02 1.3320e+01 1.1369e-13
   816 4.6641e-02 2.3299e+01    8.2067e-02 1.3241e+01 1.4211e-13
   768 3.9028e-02 2.3213e+01    6.8968e-02 1.3136e+01 1.4211e-13
   720 3.2095e-02 2.3259e+01    5.5815e-02 1.3374e+01 1.1369e-13
   672 2.6240e-02 2.3130e+01    4.6448e-02 1.3067e+01 1.1369e-13
   624 2.1059e-02 2.3075e+01    3.7012e-02 1.3129e+01 1.1369e-13
   576 1.6575e-02 2.3059e+01    2.9020e-02 1.3170e+01 1.7053e-13
   528 1.2946e-02 2.2740e+01    2.2418e-02 1.3132e+01 1.1369e-13
   480 9.6720e-03 2.2868e+01    1.6877e-02 1.3106e+01 1.1369e-13
   432 7.0860e-03 2.2755e+01    1.2274e-02 1.3137e+01 5.6843e-14
   384 4.9510e-03 2.2873e+01    8.5660e-03 1.3220e+01 5.6843e-14
   336 3.3510e-03 2.2640e+01    5.7080e-03 1.3291e+01 5.6843e-14
   288 2.0880e-03 2.2881e+01    3.5340e-03 1.3519e+01 7.1054e-14
   240 1.2050e-03 2.2944e+01    2.0060e-03 1.3783e+01 4.2633e-14
   192 6.2300e-04 2.2722e+01    1.0250e-03 1.3811e+01 2.8422e-14
   144 2.7100e-04 2.2037e+01    4.3900e-04 1.3604e+01 2.8422e-14
    96 8.7000e-05 2.0339e+01    1.4000e-04 1.2639e+01 1.0658e-14
    48 1.6000e-05 1.3824e+01    2.1000e-05 1.0533e+01 5.3291e-15
];

% Maximum difference between reference and your implementation: 1.818989e-12.
