% number of repeats:% 3
% enter first, last, inc:% 48 480 48 
data = [
%  n          reference      |         current implementation 
%        time       GFLOPS   |    time       GFLOPS     diff 
   480 1.0087e-02 2.1928e+01    2.9665e-02 7.4561e+00 8.5265e-14
   432 7.1110e-03 2.2675e+01    2.1883e-02 7.3684e+00 5.6843e-14
   384 5.0790e-03 2.2297e+01    1.5310e-02 7.3969e+00 7.1054e-14
   336 3.3730e-03 2.2492e+01    1.0457e-02 7.2551e+00 5.6843e-14
   288 2.1210e-03 2.2525e+01    6.7470e-03 7.0810e+00 5.6843e-14
   240 1.3060e-03 2.1170e+01    3.9430e-03 7.0119e+00 4.2633e-14
   192 6.5800e-04 2.1513e+01    2.0140e-03 7.0287e+00 2.8422e-14
   144 2.7200e-04 2.1956e+01    8.9000e-04 6.7101e+00 2.8422e-14
    96 8.9000e-05 1.9882e+01    3.0400e-04 5.8206e+00 1.4211e-14
    48 1.7000e-05 1.3011e+01    4.2000e-05 5.2663e+00 5.3291e-15
];

% Maximum difference between reference and your implementation: 8.526513e-14.
