% number of repeats:% 3
% enter first, last, inc:% 48 480 48 
data = [
%  n          reference      |         current implementation 
%        time       GFLOPS   |    time       GFLOPS     diff 
   480 1.0487e-02 2.1091e+01    1.4655e-01 1.5093e+00 1.1369e-13
   432 7.4060e-03 2.1772e+01    1.0528e-01 1.5316e+00 7.1054e-14
   384 5.1320e-03 2.2067e+01    9.6776e-02 1.1702e+00 7.1054e-14
   336 3.6010e-03 2.1068e+01    4.9883e-02 1.5209e+00 7.1054e-14
   288 2.2290e-03 2.1434e+01    3.0891e-02 1.5466e+00 5.6843e-14
   240 1.2960e-03 2.1333e+01    1.4476e-02 1.9099e+00 4.2633e-14
   192 6.3800e-04 2.2188e+01    9.1230e-03 1.5517e+00 2.8422e-14
   144 2.7000e-04 2.2118e+01    2.7630e-03 2.1614e+00 2.8422e-14
    96 8.8000e-05 2.0108e+01    8.1400e-04 2.1738e+00 1.4211e-14
    48 1.7000e-05 1.3011e+01    9.9000e-05 2.2342e+00 7.1054e-15
];

% Maximum difference between reference and your implementation: 1.136868e-13.
