% number of repeats:% 3
% enter first, last, inc:% 48 480 48 
data = [
%  n          reference      |         current implementation 
%        time       GFLOPS   |    time       GFLOPS     diff 
   480 9.9880e-03 2.2145e+01    1.6312e-02 1.3560e+01 8.5265e-14
   432 6.9750e-03 2.3117e+01    1.2015e-02 1.3420e+01 5.6843e-14
   384 4.8770e-03 2.3220e+01    8.4820e-03 1.3351e+01 7.1054e-14
   336 3.2470e-03 2.3365e+01    5.6470e-03 1.3435e+01 5.6843e-14
   288 2.0660e-03 2.3125e+01    3.5540e-03 1.3443e+01 5.6843e-14
   240 1.2610e-03 2.1925e+01    1.9900e-03 1.3893e+01 4.2633e-14
   192 6.6000e-04 2.1448e+01    1.0210e-03 1.3865e+01 2.8422e-14
   144 2.7300e-04 2.1875e+01    4.3400e-04 1.3760e+01 2.8422e-14
    96 8.7000e-05 2.0339e+01    1.3700e-04 1.2916e+01 1.4211e-14
    48 1.6000e-05 1.3824e+01    1.9000e-05 1.1641e+01 5.3291e-15
];

% Maximum difference between reference and your implementation: 8.526513e-14.
