% number of repeats:% 3
% enter first, last, inc:% 48 480 48 
data = [
%  n          reference      |         current implementation 
%        time       GFLOPS   |    time       GFLOPS     diff 
   480 1.0175e-02 2.1738e+01    1.0947e-01 2.0206e+00 1.1369e-13
   432 7.3770e-03 2.1858e+01    7.9289e-02 2.0336e+00 7.1054e-14
   384 5.2360e-03 2.1628e+01    5.7792e-02 1.9595e+00 7.1054e-14
   336 3.5890e-03 2.1139e+01    3.7347e-02 2.0314e+00 7.1054e-14
   288 2.1970e-03 2.1746e+01    2.3402e-02 2.0415e+00 5.6843e-14
   240 1.3960e-03 1.9805e+01    1.3451e-02 2.0555e+00 4.2633e-14
   192 6.2400e-04 2.2686e+01    6.8160e-03 2.0768e+00 2.8422e-14
   144 2.7000e-04 2.2118e+01    2.6700e-03 2.2367e+00 2.8422e-14
    96 8.7000e-05 2.0339e+01    7.5400e-04 2.3468e+00 1.4211e-14
    48 1.6000e-05 1.3824e+01    8.5000e-05 2.6022e+00 7.1054e-15
];

% Maximum difference between reference and your implementation: 1.136868e-13.
