% number of repeats:% 3
% enter first, last, inc:% 48 480 48 
data = [
%  n          reference      |         current implementation 
%        time       GFLOPS   |    time       GFLOPS     diff 
   480 9.8880e-03 2.2369e+01    3.5881e-02 6.1644e+00 1.1369e-13
   432 6.9520e-03 2.3194e+01    2.6273e-02 6.1372e+00 7.1054e-14
   384 4.8570e-03 2.3316e+01    1.8940e-02 5.9792e+00 7.1054e-14
   336 3.3920e-03 2.2366e+01    1.2793e-02 5.9303e+00 7.1054e-14
   288 2.0510e-03 2.3294e+01    7.7880e-03 6.1345e+00 5.6843e-14
   240 1.2210e-03 2.2644e+01    4.5370e-03 6.0939e+00 4.2633e-14
   192 6.2600e-04 2.2613e+01    2.3590e-03 6.0008e+00 2.8422e-14
   144 2.7000e-04 2.2118e+01    1.0310e-03 5.7924e+00 2.8422e-14
    96 8.7000e-05 2.0339e+01    3.3200e-04 5.3297e+00 1.4211e-14
    48 1.6000e-05 1.3824e+01    4.8000e-05 4.6080e+00 7.1054e-15
];

% Maximum difference between reference and your implementation: 1.136868e-13.
