% number of repeats:% 3
% enter first, last, inc:% 48 480 48 
data = [
%  n          reference      |         current implementation 
%        time       GFLOPS   |    time       GFLOPS     diff 
   480 9.8620e-03 2.2428e+01    3.5152e-02 6.2922e+00 8.5265e-14
   432 7.3200e-03 2.2028e+01    2.5494e-02 6.3247e+00 5.6843e-14
   384 4.9540e-03 2.2860e+01    1.8215e-02 6.2172e+00 5.6843e-14
   336 3.3220e-03 2.2837e+01    1.2143e-02 6.2477e+00 5.6843e-14
   288 2.1090e-03 2.2653e+01    7.7410e-03 6.1718e+00 4.2633e-14
   240 1.1970e-03 2.3098e+01    4.3870e-03 6.3023e+00 3.5527e-14
   192 6.3300e-04 2.2363e+01    2.2340e-03 6.3365e+00 2.8422e-14
   144 2.7400e-04 2.1796e+01    8.9900e-04 6.6429e+00 2.8422e-14
    96 8.8000e-05 2.0108e+01    2.8500e-04 6.2087e+00 1.0658e-14
    48 1.6000e-05 1.3824e+01    3.8000e-05 5.8206e+00 5.3291e-15
];

% Maximum difference between reference and your implementation: 8.526513e-14.
