% number of repeats:% 3
% enter first, last, inc:% 48 480 48 
data = [
%  n          reference      |         current implementation 
%        time       GFLOPS   |    time       GFLOPS     diff 
   480 9.7080e-03 2.2784e+01    1.1234e-01 1.9688e+00 1.1369e-13
   432 7.1550e-03 2.2536e+01    8.0445e-02 2.0044e+00 7.1054e-14
   384 5.0450e-03 2.2447e+01    5.8099e-02 1.9492e+00 7.1054e-14
   336 3.3220e-03 2.2837e+01    3.8399e-02 1.9757e+00 7.1054e-14
   288 2.0760e-03 2.3013e+01    2.3999e-02 1.9907e+00 5.6843e-14
   240 2.2380e-03 1.2354e+01    1.3688e-02 2.0199e+00 4.2633e-14
   192 6.2900e-04 2.2505e+01    6.9820e-03 2.0275e+00 2.8422e-14
   144 2.6900e-04 2.2201e+01    2.7940e-03 2.1374e+00 2.8422e-14
    96 8.8000e-05 2.0108e+01    8.1900e-04 2.1605e+00 1.4211e-14
    48 1.6000e-05 1.3824e+01    9.2000e-05 2.4042e+00 7.1054e-15
];

% Maximum difference between reference and your implementation: 1.136868e-13.
