% number of repeats:% 3
% enter first, last, inc:% 48 480 48 
data = [
%  n          reference      |         current implementation 
%        time       GFLOPS   |    time       GFLOPS     diff 
   480 9.7850e-03 2.2604e+01    1.4552e-01 1.5199e+00 1.1369e-13
   432 7.1150e-03 2.2662e+01    1.0490e-01 1.5372e+00 7.1054e-14
   384 4.8930e-03 2.3145e+01    1.0968e-01 1.0325e+00 7.1054e-14
   336 3.3470e-03 2.2667e+01    4.9665e-02 1.5276e+00 7.1054e-14
   288 2.0680e-03 2.3102e+01    3.1023e-02 1.5400e+00 5.6843e-14
   240 1.2020e-03 2.3002e+01    1.3922e-02 1.9859e+00 4.2633e-14
   192 6.2100e-04 2.2795e+01    9.0710e-03 1.5606e+00 2.8422e-14
   144 2.7000e-04 2.2118e+01    2.5050e-03 2.3840e+00 2.8422e-14
    96 8.8000e-05 2.0108e+01    7.1600e-04 2.4713e+00 1.4211e-14
    48 1.6000e-05 1.3824e+01    7.1000e-05 3.1153e+00 7.1054e-15
];

% Maximum difference between reference and your implementation: 1.136868e-13.
