% number of repeats:% 3
% enter first, last, inc:% 48 480 48 
data = [
%  n          reference      |         current implementation 
%        time       GFLOPS   |    time       GFLOPS     diff 
   480 9.8990e-03 2.2344e+01    6.3113e-02 3.5046e+00 1.1369e-13
   432 7.0180e-03 2.2976e+01    4.6347e-02 3.4790e+00 7.1054e-14
   384 5.0020e-03 2.2640e+01    3.2662e-02 3.4672e+00 7.1054e-14
   336 3.2640e-03 2.3243e+01    2.1908e-02 3.4629e+00 7.1054e-14
   288 2.0790e-03 2.2980e+01    1.3731e-02 3.4794e+00 5.6843e-14
   240 1.2010e-03 2.3021e+01    7.9440e-03 3.4804e+00 4.2633e-14
   192 6.3300e-04 2.2363e+01    4.1380e-03 3.4209e+00 2.8422e-14
   144 2.7500e-04 2.1716e+01    1.7390e-03 3.4341e+00 2.8422e-14
    96 8.8000e-05 2.0108e+01    5.3900e-04 3.2829e+00 1.4211e-14
    48 1.7000e-05 1.3011e+01    7.1000e-05 3.1153e+00 7.1054e-15
];

% Maximum difference between reference and your implementation: 1.136868e-13.
