% number of repeats:% 3
% enter first, last, inc:% 48 480 48 
data = [
%  n          reference      |         current implementation 
%        time       GFLOPS   |    time       GFLOPS     diff 
   480 9.7440e-03 2.2700e+01    2.9559e-02 7.4828e+00 8.5265e-14
   432 6.9920e-03 2.3061e+01    2.1754e-02 7.4121e+00 5.6843e-14
   384 4.8210e-03 2.3490e+01    1.5507e-02 7.3029e+00 7.1054e-14
   336 3.2810e-03 2.3123e+01    1.0464e-02 7.2502e+00 5.6843e-14
   288 2.1020e-03 2.2729e+01    6.6760e-03 7.1563e+00 5.6843e-14
   240 1.2330e-03 2.2423e+01    3.8910e-03 7.1056e+00 4.2633e-14
   192 6.3200e-04 2.2398e+01    2.0980e-03 6.7473e+00 2.8422e-14
   144 2.7100e-04 2.2037e+01    8.8900e-04 6.7176e+00 2.8422e-14
    96 8.9000e-05 1.9882e+01    2.9600e-04 5.9779e+00 1.4211e-14
    48 1.6000e-05 1.3824e+01    4.2000e-05 5.2663e+00 5.3291e-15
];

% Maximum difference between reference and your implementation: 8.526513e-14.
