% number of repeats:% 3
% enter first, last, inc:% 48 480 48 
data = [
%  n          reference      |         current implementation 
%        time       GFLOPS   |    time       GFLOPS     diff 
   480 1.0559e-02 2.0947e+01    1.0844e-01 2.0397e+00 1.1369e-13
   432 7.2320e-03 2.2296e+01    7.9238e-02 2.0349e+00 7.1054e-14
   384 4.9030e-03 2.3097e+01    5.7279e-02 1.9771e+00 7.1054e-14
   336 3.2720e-03 2.3186e+01    3.7020e-02 2.0493e+00 7.1054e-14
   288 2.1010e-03 2.2740e+01    2.3294e-02 2.0510e+00 5.6843e-14
   240 1.2090e-03 2.2868e+01    1.3247e-02 2.0871e+00 4.2633e-14
   192 6.2400e-04 2.2686e+01    6.7230e-03 2.1056e+00 2.8422e-14
   144 2.7000e-04 2.2118e+01    2.6350e-03 2.2664e+00 2.8422e-14
    96 8.8000e-05 2.0108e+01    7.6000e-04 2.3283e+00 1.4211e-14
    48 1.6000e-05 1.3824e+01    8.5000e-05 2.6022e+00 7.1054e-15
];

% Maximum difference between reference and your implementation: 1.136868e-13.
