% number of repeats:% 3
% enter first, last, inc:% 48 480 48 
data = [
%  n          reference      |         current implementation 
%        time       GFLOPS   |    time       GFLOPS     diff 
   480 1.0004e-02 2.2110e+01    3.5103e-02 6.3010e+00 1.1369e-13
   432 7.2920e-03 2.2112e+01    2.5821e-02 6.2447e+00 7.1054e-14
   384 5.1770e-03 2.1875e+01    1.8272e-02 6.1978e+00 7.1054e-14
   336 3.4830e-03 2.1782e+01    1.2388e-02 6.1242e+00 7.1054e-14
   288 2.2110e-03 2.1608e+01    7.9080e-03 6.0414e+00 5.6843e-14
   240 1.2600e-03 2.1943e+01    4.2800e-03 6.4598e+00 4.2633e-14
   192 6.3100e-04 2.2434e+01    2.2130e-03 6.3966e+00 2.8422e-14
   144 2.7100e-04 2.2037e+01    9.4900e-04 6.2929e+00 2.8422e-14
    96 1.1800e-04 1.4996e+01    4.3300e-04 4.0865e+00 1.4211e-14
    48 2.1000e-05 1.0533e+01    5.6000e-05 3.9497e+00 7.1054e-15
];

% Maximum difference between reference and your implementation: 1.136868e-13.
