% number of repeats:% 3
% enter first, last, inc:% 48 480 48 
data = [
%  n          reference      |         current implementation 
%        time       GFLOPS   |    time       GFLOPS     diff 
   480 1.0461e-02 2.1144e+01    1.1123e-01 1.9884e+00 1.1369e-13
   432 7.6010e-03 2.1213e+01    7.9788e-02 2.0209e+00 7.1054e-14
   384 5.2930e-03 2.1395e+01    5.7190e-02 1.9802e+00 7.1054e-14
   336 3.4890e-03 2.1744e+01    3.7205e-02 2.0391e+00 7.1054e-14
   288 2.2980e-03 2.0790e+01    2.3126e-02 2.0659e+00 5.6843e-14
   240 1.3020e-03 2.1235e+01    1.3224e-02 2.0907e+00 4.2633e-14
   192 6.2300e-04 2.2722e+01    6.7240e-03 2.1053e+00 2.8422e-14
   144 2.7200e-04 2.1956e+01    2.6790e-03 2.2292e+00 2.8422e-14
    96 8.8000e-05 2.0108e+01    7.5800e-04 2.3344e+00 1.4211e-14
    48 1.7000e-05 1.3011e+01    8.4000e-05 2.6331e+00 7.1054e-15
];

% Maximum difference between reference and your implementation: 1.136868e-13.
