% number of repeats:% 3
% enter first, last, inc:% 48 480 48 
data = [
%  n          reference      |         current implementation 
%        time       GFLOPS   |    time       GFLOPS     diff 
   480 9.8500e-03 2.2455e+01    6.3890e-02 3.4620e+00 1.1369e-13
   432 7.1110e-03 2.2675e+01    4.6682e-02 3.4541e+00 7.1054e-14
   384 5.1400e-03 2.2032e+01    3.2769e-02 3.4559e+00 7.1054e-14
   336 3.3050e-03 2.2955e+01    2.3154e-02 3.2766e+00 7.1054e-14
   288 2.0580e-03 2.3215e+01    1.3843e-02 3.4513e+00 5.6843e-14
   240 1.1950e-03 2.3136e+01    8.0620e-03 3.4294e+00 4.2633e-14
   192 6.2000e-04 2.2832e+01    4.1600e-03 3.4028e+00 2.8422e-14
   144 2.7100e-04 2.2037e+01    1.7490e-03 3.4145e+00 2.8422e-14
    96 8.7000e-05 2.0339e+01    5.5500e-04 3.1882e+00 1.4211e-14
    48 1.6000e-05 1.3824e+01    7.6000e-05 2.9103e+00 7.1054e-15
];

% Maximum difference between reference and your implementation: 1.136868e-13.
