A =

   0.466162  -0.030094   1.610412   0.727518
   1.012443  -2.108503  -1.766312   0.673962
  -1.528325   0.182500  -0.237129   1.139484

x =

   0.83451
  -0.15565
  -0.92150
   0.38276

b =

  -0.81183
   3.05870
  -0.64914

