A = [[-2,1,1,0];[1,-1.5,0,0.5];[-1,0,1.7,-0.2];[0,0.5,0.2,-1.7]]
b = [0,0,3,0]'

A \ b