2
-0.3461416534673344,-0.9354019412932018
-0.9030052283278686,1.580136875272131
0.9352324866525663,-1.103090285228612
-1.103090285228612,3.371809336369864
0.967074188804854,-1.140647013433221
0,1.439004422201592
4
0.2620672949622795,0.3779684047465413,0.876767724279638,-0.5385414699283223
0.2329396097527066,-0.1096709834249644,-0.6262194230438054,-0.4661054045754896
-1.176513484072622,-0.208733777793388,1.024902743509769,0.8410183271103754
0.3547269168199616,-0.1688143021513778,-0.2031481779922106,-2.417030851213463
1.632955292601886,0.2592015685709951,-1.193973186650227,-2.096563821201802
0.2592015685709951,0.2269558981948002,0.2204310944217352,0.08004702163554694
-1.193973186650227,0.2204310944217352,2.252567224011218,1.172685882883993
-2.096563821201802,0.08004702163554694,1.172685882883993,7.056631125260251
1.277871391260437,0.2028385409859828,-0.9343453455613743,-1.640668877588567
0,0.4310596530475544,0.9510338956432612,0.957728008381192
0,0,0.6892753648409441,-1.844106593841536
0,0,0,0.2164825440650777
8
1.671850322377464,-2.524330307004968,0.3564044432821146,-1.22510107901858,-0.1674488316052571,-0.490779117314136,-0.7343985177499939,-0.7028121406818527
-0.3888052171928711,0.1553880018628885,-0.03823091453778461,0.03868360799177345,-0.03675360576523381,-0.6588471896571236,1.108273512491446,-1.188853228596519
0.009009839322314615,-1.119464267296788,1.221687291422318,1.203908979418549,0.3839407446251572,-0.2591519547094491,-1.633917906269082,-0.01956409295392997
-0.7115928421457395,0.4153667547031523,0.2802828777790175,-0.48913050735612,-0.1462401736172746,-0.330419764283469,0.3928280553936388,0.175543694141213
-0.8766691778846394,0.7862149281523156,-1.142975218563433,1.53768752592712,-0.8695637000388071,2.055074631107106,1.275906925695156,-0.05936180823234326
0.8437023782057457,-2.677947659117427,-0.6395377544691192,-2.127756092626346,-1.687258978497063,0.8945260872723207,1.456625688505613,-1.232656582627891
-0.08886245546684417,-0.4091212659062963,0.8220363407385918,-0.7066432748787983,0.959747830601708,-1.101831795776067,-0.9585669863431064,0.1253393962145955
0.648978883477704,0.4989886478039448,-0.5189126346127138,1.41547388653155,-0.3200454302873261,0.2491999776445369,-0.01270580389756509,0.2181608008202827
5.362151225182217,-7.174828893674224,0.4748992898706998,-3.866146643906909,-1.112349677872118,-1.118826377137595,-1.765616792950631,-1.695367108016282
-7.174828893674224,16.02802617572973,-1.93805785142631,9.450049643401977,3.208808826382489,1.084744710459029,1.50655707486238,4.996112197389977
0.4748992898706998,-1.93805785142631,4.35997901711365,-0.8165571018365723,3.397771318562218,-4.514982554779958,-5.361427783107565,0.6662729058045149
-3.866146643906909,9.450049643401977,-0.8165571018365723,12.58575451777539,1.859223240175678,2.813457843714708,-1.694666029111067,3.457352933262663
-1.112349677872118,3.208808826382489,3.397771318562218,1.859223240175678,4.824715487242259,-4.37833441321647,-5.085637044246975,2.310099328231909
-1.118826377137595,1.084744710459029,-4.514982554779958,2.813457843714708,-4.37833441321647,7.15092331284149,4.901966363295136,-0.2331085837801664
-1.765616792950631,1.50655707486238,-5.361427783107565,-1.694666029111067,-5.085637044246975,4.901966363295136,9.260321951105507,-2.69468324057617
-1.695367108016282,4.996112197389977,0.6662729058045149,3.457352933262663,2.310099328231909,-0.2331085837801664,-2.69468324057617,3.524785420750502
2.315631927829252,-3.098432357684816,0.2050841000088843,-1.66958599829428,-0.4803654952688748,-0.4831624420494233,-0.7624773055386992,-0.7321401504450555
0,2.535299410440795,-0.5137928224759996,1.686960658270287,0.6785900021279915,-0.1626243560452824,-0.3376040230570809,1.075859306264957
0,0,2.013438964709222,0.1949881396511089,1.909638873452205,-2.234708340284757,-2.671307364803318,0.6800265730377321
0,0,0,2.629520959208875,-0.1748987134723795,1.033214471522826,-0.7139283288124312,0.1093174589048044
0,0,0,0,0.6754035091966732,-0.07681321894184143,-0.3648824356493801,-0.07573043655380159
0,0,0,0,0,0.9075664743414282,-0.8608914648589761,1.089733174698047
0,0,0,0,0,0,0.2124237068074346,-0.3982368752758141
0,0,0,0,0,0,0,0.07106635795842219
16
0.9366283706036508,0.5819235178283582,0.08716483637484876,1.005036598979716,1.370784196091033,-1.082964641585665,-0.04601592032299383,-0.05853262403409718,0.7481165280847956,0.6284464202777771,-0.4315744991191391,2.005394872824917,-0.7213941547270413,-2.260464282716281,0.8252226993222753,1.26510056369796
-1.043813513678517,-0.5672517176654672,0.5319579859893654,-1.041172181798707,-0.4929819485312182,0.02500703745118773,-0.2587863056065366,-0.3069604478478664,0.3686929807747725,-1.499367603393487,-0.6779283387376638,0.5039305802285813,0.3345911497897648,0.66604898759402,1.33423507161518,1.365444931628377
0.7163643196883157,1.647899822328345,-0.6202679513801792,-0.9076806120284381,-0.7118453117865479,-0.9104182962338438,0.09029423246125201,-1.840563961363532,-2.058757564249969,0.2686517796602664,-0.6145231385075745,0.712807500513672,-0.06318759047762899,0.4864791221519359,1.462133425371413,-1.151897346365055
0.4121701193898746,-0.370641439122865,0.2127629606104679,-0.463635405584846,-0.6147825066815933,1.522157644172134,-0.140246379939358,1.447815253365613,0.3567016536656535,1.173220553474133,-0.7532253916901093,-0.7044324430912883,-1.261180220077298,-0.1560028379463891,-0.134952337546097,-1.134313707045297
1.769469138669158,0.2964351739385617,-0.9832389118407209,0.7964434493266985,0.3513530566255171,0.5682364292290253,-0.6874319459334498,-0.1768698670876854,0.4826481763489133,1.4692716882036,1.92835789292843,-1.565220683584156,-0.3605979964761175,-0.7841285411359736,0.00952855868205886,-0.2597966382464395
0.5979567659642928,0.2401510197663609,0.6411724707045187,-0.8903632453915016,2.542207679155688,2.210681090139816,1.717364103497046,0.1172554097167313,1.183783630114748,1.137195443482382,1.041799741165454,1.020090186905827,0.8177079491755727,0.8198384497453733,-0.08392965742629373,-1.113542479058193
-0.1182717430247296,-1.980327160055602,-1.125750070801169,0.9924363311905995,0.419939219972087,0.3302771185220966,-0.6354849057247776,-0.5052662006374189,0.08797996608679216,0.4411384754063598,-0.05605893135534615,0.6440431215930399,-0.2017297948992229,-0.9569704636918668,0.9180391454721746,0.9718954394395313
0.07612859956783745,-0.2058039009078947,1.338150717735032,0.01731276428589974,0.9038011960175185,0.5629334474212906,1.414584241964655,0.2006888685211667,0.8408779104876233,-0.09265307890157294,0.02171531833006755,-0.2131374460342505,1.080456977300948,0.3721090024992637,1.246070668733207,2.308011052829815
0.02282595063527692,-0.9993707059850179,-0.9686021306388705,0.217728074749178,-0.3084367283673423,-0.5659117913712706,0.7578934169394946,0.02190384333265906,0.2748529518277335,-0.9754262302029972,1.536595906623738,0.6111646910358004,-1.106605545443731,-0.916781193704958,-0.391639925242512,-0.6579993768246361
-1.511447472117825,-0.356659655016513,-0.484388085761823,-0.05131332809951403,-2.094523251063505,1.630916416498439,-0.5815809596374253,-0.5958337947303191,1.639419310825855,0.7302983201507246,0.3357752408009922,2.273292602953658,-1.264162343914099,-0.6956541636426748,-0.08734123631062544,-0.3138702741690883
0.1284479919500681,-1.161610163091292,0.4797073726456639,0.1034973489944298,0.6544296874196185,-0.9417927724330207,1.080740125033579,0.7475057704394826,-0.7185347073403818,-0.6892148116589589,0.354378101389797,0.07097574857067129,0.02387193589271998,0.9109201116959081,-1.516682588971358,0.642631693947861
0.106626464632244,0.52247223663298,-0.3157819365714175,2.187426367833948,-0.6258199869603466,-0.1808813112004486,1.294895518974263,1.246281738232224,0.4017391839009657,1.470270798072838,0.8350271940205232,-1.55447092257452,-0.3921197195267146,-0.5882714653219077,0.1465482460034659,-0.2083794112947349
-0.1398465519834795,-1.520346339136152,-0.9383181130292298,0.9384350678433792,0.6923719693219814,-0.8278021914093774,-0.123119254199426,-0.5080719404846529,0.7991665034828876,-1.256579935620749,-0.9085203152267365,-1.609820714032003,-0.2851521178601473,-0.7814576152068762,0.8135885481549825,-0.853843410742543
1.151570574422997,0.4108301738303655,1.230807090393197,-0.14680444280356,-0.8186205446592122,0.7131310706623626,-0.4193319624022545,0.7324649684127807,0.8683679964349501,2.303487280663181,-2.039270179280456,0.7604454673769635,-0.8795253210638047,1.36083746938438,-0.3492931279654254,-0.2773347632479957
0.3405144745465077,-0.07864802881849536,-1.758500495186303,1.07133212857386,1.255073125041114,-0.3419265661643199,2.016183746053759,-1.765980459683163,0.4515493036043607,1.113945073956781,-0.633575809941089,0.07684673640730651,1.010461637094157,-1.977586090807556,-0.7929247432951316,-1.320147652709461
0.1710087227449303,0.2820328069243555,-0.9430908662890612,0.3833703792249463,-0.565780789493316,1.28298502343181,1.061991299233306,-1.411626451960512,-0.6514446915912899,0.1113534734552901,-0.08276891884959493,1.241545790581933,0.7783624981185433,-0.7738894134085252,-0.8397906466140008,-1.190214016392425
9.961967008532083,4.181490427695682,-0.4251939353005341,2.406762928137793,5.663282544945334,-0.3123433227707697,1.80296784056598,0.5777713125121093,-0.9869444549128656,8.219179087568925,0.8070474569768051,-2.918779688673819,-0.2820782773165766,-1.328557051138735,-0.660754895120063,-2.93116857562164
4.181490427695682,12.93718138956621,2.687514658927266,-2.734939370317425,-1.849933308884619,0.1442128915947922,0.5238004200771511,-1.707017578443088,-4.110894348325137,6.161899569247674,-0.7325144038995337,1.6541217025204,1.556764105713031,2.432486929327691,0.7970252401824277,-3.393728790010007
-0.4251939353005341,2.687514658927266,13.03612952529668,-6.583801386813692,0.6833544031482822,2.456920458432697,-1.132617781501562,8.41518909787521,1.532198035990715,-0.2494659724960374,-3.52318291082857,1.005909285878625,0.9312815278051486,11.15755087910096,1.057674854842713,7.912845001506642
2.406762928137793,-2.734939370317425,-6.583801386813692,12.58780012668358,1.907623355126856,-3.628057049593858,3.175850459323654,0.3383289386194048,3.140231265051912,4.612426867554229,2.648946849661831,-4.789539866977138,-1.416934297039,-10.33721570662386,-1.08324290801015,0.06268316512717259
5.663282544945334,-1.849933308884619,0.6833544031482822,1.907623355126856,18.93316092452434,-1.373963727005544,8.291350166166159,-0.7223341138477308,2.603442185770536,0.1762841826286838,2.789323605714733,-1.726447638889307,7.110939436383245,-2.929326367487215,0.3659667823380895,2.214050782641147
-0.3123433227707697,0.1442128915947922,2.456920458432697,-3.628057049593858,-1.373963727005544,16.81185662493672,1.586576140102872,1.862097042297977,7.099740262597894,8.83665087480664,1.857437113342668,4.595563368273647,-0.05329207701420102,2.97795784026986,-1.820177240162953,-4.276527392602534
1.80296784056598,0.5238004200771511,-1.132617781501562,3.175850459323654,8.291350166166159,1.586576140102872,15.06491422959892,-1.878654137938852,1.223590122557285,2.298312907649415,2.810565947842315,0.6152262105529388,6.108941315771468,-2.272022279500218,-3.343353825264814,-3.038715104936975
0.5777713125121093,-1.707017578443088,8.41518909787521,0.3383289386194048,-0.7223341138477308,1.862097042297977,-1.878654137938852,14.29559621251805,3.671444984117422,2.321522985034828,1.430458208463523,-6.314435639772412,-4.416125577143431,5.920426056726718,-2.56077648962797,4.507626013645643
-0.9869444549128656,-4.110894348325137,1.532198035990715,3.140231265051912,2.603442185770536,7.099740262597894,1.223590122557285,3.671444984117422,12.87237406827061,5.24055682092474,0.9255509558801709,2.115953328821669,-2.645122239014058,-3.796901826161853,0.5185178537277866,2.014587264227723
8.219179087568925,6.161899569247674,-0.2494659724960374,4.612426867554229,0.1762841826286838,8.83665087480664,2.298312907649415,2.321522985034828,5.24055682092474,20.00665413090586,-0.853216248735462,1.761939251270505,-3.132837286631373,-2.426962497236212,-2.264042108190027,-5.831342106437519
0.8070474569768051,-0.7325144038995337,-3.52318291082857,2.648946849661831,2.789323605714733,1.857437113342668,2.810565947842315,1.430458208463523,0.9255509558801709,-0.853216248735462,15.08738285618661,-2.920948377705622,0.1687639353659153,-2.812526548113527,-2.652193849625272,-0.3613468355102362
-2.918779688673819,1.6541217025204,1.005909285878625,-4.789539866977138,-1.726447638889307,4.595563368273647,0.6152262105529388,-6.314435639772412,2.115953328821669,1.761939251270505,-2.920948377705622,21.91053347184102,-1.501010988655086,-2.355385315436843,0.2374024170848472,1.446174903591734
-0.2820782773165766,1.556764105713031,0.9312815278051486,-1.416934297039,7.110939436383245,-0.05329207701420102,6.108941315771468,-4.416125577143431,-2.645122239014058,-3.132837286631373,0.1687639353659153,-1.501010988655086,9.692455806223505,2.139444014177555,0.08845479982115578,1.977366224573506
-1.328557051138735,2.432486929327691,11.15755087910096,-10.33721570662386,-2.929326367487215,2.97795784026986,-2.272022279500218,5.920426056726718,-3.796901826161853,-2.426962497236212,-2.812526548113527,-2.355385315436843,2.139444014177555,17.6281365123878,-0.6766263142982977,2.237057178246228
-0.660754895120063,0.7970252401824277,1.057674854842713,-1.08324290801015,0.3659667823380895,-1.820177240162953,-3.343353825264814,-2.56077648962797,0.5185178537277866,-2.264042108190027,-2.652193849625272,0.2374024170848472,0.08845479982115578,-0.6766263142982977,11.62056776202756,5.922240526923009
-2.93116857562164,-3.393728790010007,7.912845001506642,0.06268316512717259,2.214050782641147,-4.276527392602534,-3.038715104936975,4.507626013645643,2.014587264227723,-5.831342106437519,-0.3613468355102362,1.446174903591734,1.977366224573506,2.237057178246228,5.922240526923009,18.61065886400338
3.156258387479086,1.324825129743402,-0.1347145522012023,0.7625367231293386,1.794302572758822,-0.09895999770165817,0.5712358176118831,0.183055770973674,-0.3126944418834927,2.604089424419276,0.2556975246951808,-0.9247594240866502,-0.08937109789096621,-0.4209278481157108,-0.209347529258468,-0.9286846055600579
0,3.343952715749221,0.8570659117060561,-1.119982099577101,-1.264093965124043,0.08233297740503867,-0.06967417481930185,-0.5830029996511975,-1.105466855549888,0.8109972509196708,-0.3203600652555498,0.8610367643527889,0.5009536092367908,0.8941940794310096,0.3212886661745222,-0.6469541500300467
0,0,3.504770967939757,-1.575332073010582,0.5730716602667993,0.6770839920841732,-0.2841693945417139,2.550672056259413,0.6954895269867361,-0.1694077403274947,-0.9170833333446774,0.04090580412470461,0.1397785142114566,2.948684123196314,0.2151658808768992,2.380246839371611
0,0,0,2.875814115852032,0.009186026411279427,-0.8323739751745286,0.7700661766108885,1.239282033415962,1.125314779798001,1.136423244530754,0.2261828281376513,-1.062513338690873,-0.1973454745088024,-1.519432255931613,-0.07817350215354478,1.319953671765866
0,0,0,0,3.713113267646196,-0.3966198337273315,1.97518379184768,-0.8782021556283547,0.3657831149946307,-0.9114776834571717,0.6595641513279507,0.2713626540260705,2.107735426556491,-0.732420120914402,0.276089420934805,0.4541752066209323
0,0,0,0,0,3.935312994570171,0.8298269494265965,0.2247412381717313,1.974599519569895,2.471646354109552,0.7572268102041251,0.9220817140835311,0.1203668934897375,-0.1750950614305098,-0.5002395866571067,-1.181090656939194
0,0,0,0,0,0,3.077341619143494,-0.2291699807078318,-0.5539862329608478,-0.09966234581187146,0.08977590975569741,0.2379145454005753,0.6900560245856715,0.529899290579268,-1.04319072237592,-0.9132330964140982
0,0,0,0,0,0,0,2.237449412245088,-0.1492112001843995,-0.01670842174321266,1.647134201240026,-1.942008296346283,-1.000051284229837,0.1779933968442787,-1.193886993660178,-1.319163357774695
0,0,0,0,0,0,0,0,2.332486864124837,0.5082754963957448,-0.1741994570936594,0.8008088889810707,-1.187576652326158,-1.006306203665839,0.3761151241131616,-0.2866017567464995
0,0,0,0,0,0,0,0,0,2.009755229960083,-1.401700071115792,1.113918953894992,-0.3876604229798916,0.2501223116744187,-0.3389357531844371,-0.3081243699838423
0,0,0,0,0,0,0,0,0,0,2.881411790373635,0.6490750081058111,-0.04213081019574537,0.3746907273241432,-0.1504315287670175,1.360787281359568
0,0,0,0,0,0,0,0,0,0,0,3.482539401073057,-1.03643850733588,-1.259360830377144,-0.5268315903418548,0.2183078809209232
0,0,0,0,0,0,0,0,0,0,0,0,0.8972822444558533,-0.07638816182101262,-1.526387523761491,0.5191909402612719
0,0,0,0,0,0,0,0,0,0,0,0,0,1.400341746595579,-0.8467960354985939,-1.535642123948561
0,0,0,0,0,0,0,0,0,0,0,0,0,0,2.231050395161343,0.9403993260539849
0,0,0,0,0,0,0,0,0,0,0,0,0,0,0,0.3972103523876336
32
-0.9213954731308583,1.741100757919043,0.2813609532385075,0.5658733713497378,1.260642180429072,0.2656030256528294,1.47410745435289,0.1534518117513963,0.8728366094934137,-0.1425573067091502,1.21612413586306,0.6118976021378375,1.246111769428695,-1.120579411689706,-0.258955239805085,0.4892488372271789,-1.708649026791996,-2.125949910076208,0.389600739894124,1.15731062979695,-0.06824089273842406,-0.1838168748410089,0.6517517073198938,-1.281426789553232,0.4192378140327191,-0.8779625437263902,-1.052196185247869,2.156957103789315,0.3149011516940632,0.1543250367282506,0.5879775800067446,-0.7918168940581778
0.2897783006416961,0.5448677452354085,0.1887572215374713,0.5208789383232384,-0.203787509629986,0.007587985836997353,0.5460209767350717,-1.47182463425449,-0.525709597951391,-1.135033681059384,-0.7869730519659195,0.1606360489996493,-0.4441282085350462,-1.423138933563849,-1.774512077657274,-0.2136312370110577,-0.8690407837233122,-0.1026241829067066,-0.2592480031072806,-0.8220130024419223,-2.713645349464893,-0.8344975823019339,-0.8454875708356699,-0.6559293891922344,-0.3887097823003742,-0.3150902611200971,-0.2280952417272399,0.6020757334074952,-1.257493723446207,0.2368762963464339,1.110671441441131,0.5652079324813177
0.6753194444904366,0.784426951847449,1.244250320418805,-1.220380850979511,-0.4251672459208929,1.405091370068198,-2.685509956528423,-0.1028755762912285,-0.985030765978124,0.2567755680126457,-0.6173612197212681,0.5804200188898432,0.1208810566975377,-0.0420119490156296,0.3142378823068688,-0.3042162155415563,-0.4742466908742436,-1.871600217078752,-0.2753482810373729,-2.067435026750168,-0.9947167309125085,0.8349522633096833,1.508408627625032,1.0242171063095,0.1205977969204245,-1.070853117915704,0.3465097225558814,0.5514238026517695,-1.256231208772999,0.7983439500323816,0.7743412645800395,-0.7220347505424851
-1.400724959637427,0.9514016678102022,0.9551376173219213,0.6695560672580141,-1.443324643643929,0.1256281988298131,-1.625239098324323,-0.2901334465205477,1.72225502530215,1.697136678280047,-0.7903210168473264,-1.106189746148663,-0.512357254826612,0.3189451729244441,1.631661014208863,0.5311736173462956,-0.4684145334993565,-0.5967690667454778,-0.5919816468314005,-0.781353316270481,-1.252200432029313,0.4139917994881177,0.2568543136050618,-0.07246513400455111,0.4400545804442913,-0.4892815308367013,-0.6701031485527976,1.271426852796916,0.8090489549811072,1.22000045229778,0.2822093618275083,-1.443608629350859
-0.12935363547343,0.5197814287088036,0.6519218341720816,0.4341832243994991,1.104981304884256,0.0794355695589981,1.109395064227904,-1.077616985319293,-1.613857432749759,0.178890920737837,-0.571878007663987,-0.8592897430284127,0.6454027842111917,0.08611088073325732,-0.3130597700901399,-1.67974435003748,-0.761226987246046,0.5346447218770731,-1.708912235226349,0.1521515583530371,0.7703411248325365,-0.1968936424238102,0.3786491265492052,0.5385475440178102,0.6993059893103225,-0.5161472959109148,-0.01248390267004684,-0.7199853324590478,0.4838967722099037,1.207113541929396,-0.4013935710366017,0.1730573888090337
-0.2731448749617609,0.7662936166838,0.4567080804726511,-1.2193871897432,0.5727060339049238,0.2965224839090898,-1.370471779098814,0.4483767134169501,0.2983264903401261,-1.250303916480205,-1.155210149763909,0.4493232814853426,0.7458720054306176,0.1081068207869439,1.315829290455849,-0.9943077602399935,0.4760500065257852,-0.05465284044047999,1.016809303271705,0.5746752056793484,-1.491599945252069,-0.6022937653654715,1.384034742652674,-0.4626193856955741,-0.6576610018578282,0.4718922568164107,-0.02574072336889198,1.124115788618355,1.708455668091036,-0.5915324218260314,1.2918229805855,-0.5852798859548727
-2.268409399836156,-1.129431540650047,-1.255474012053119,-0.1015636304020857,-0.01705704704518728,-0.5209337868260819,-1.463104685094827,-0.2223318035756888,0.2612306445800736,-1.745877654441006,-1.38074193539135,0.2675400112760244,-0.5506120931727239,1.019295067790736,-0.8384098292582207,0.8626598219292314,-0.4388916813102997,0.816871010529946,1.047746373975752,2.098078637045093,-0.2280897124825387,-0.2438283017811549,0.502116040403235,-0.6861024906317158,-1.386150419854406,0.2450826381287572,0.0341567587876289,0.6850887872377123,0.5527405451661923,-0.7982033986591758,-1.09347254243551,-0.5934091787999202
-0.358375888771664,0.2642292421660965,-1.577660046822283,-0.91809393059178,-0.529653303675826,0.1618711089791503,-1.125866542721144,0.4725035242683633,-0.6708247335505277,-0.3255648368568651,-1.555154570345212,-1.250875417436765,-2.916654367845168,-0.261622392037766,0.5388173285266875,-0.1716076484618324,1.862695310746548,-0.8006206588192035,0.4279779392051609,1.032237687345426,1.298014330969363,0.3476615739070295,-1.960163006266865,0.09696856539958197,0.1957123337121273,-0.3187532954636765,1.596363237529551,0.3102885136417954,-0.3742388535827081,-0.8627003629321313,-0.8162087042910834,0.2158493989384579
2.200003213627351,0.50561948956701,-0.08536871181468489,-1.237835592250928,-0.3773759780763694,-0.7337473641716901,0.739030627234483,0.04872567664091901,-0.3579845951194967,0.2022364555533736,1.567908195871219,-0.5185397162935217,1.942450381596537,0.5826041323558363,-1.047897923469549,-1.273572436520944,-0.2387120380436353,1.970585199420405,-0.02969744526383223,1.736293061569009,0.708234674498913,-1.886228650713034,0.644780937304725,1.661249762484637,0.07728969485359029,-0.4876120048312167,0.589815575693508,-0.730295673079608,0.2701836372269896,-1.649560957562853,0.5494118497623809,-0.427000875834797
-1.284926017833373,-0.1612724863337941,-1.907108284366749,-2.204600503906492,-1.336562527661439,-0.5070320834519106,-1.50025775599818,-0.5975319814964527,0.9728910610357246,-1.396160725370323,0.9851077142733844,-0.6348186163157941,-1.249335681088095,-1.701512883606535,0.7287062240000081,0.05239636398205504,-0.7660790018651094,-0.6762322543630847,-0.6153773666761447,0.8445164156105481,-1.183411744510821,0.8397818542459101,0.02776956182374849,0.5237822068199727,0.871554955719592,-1.291666490221502,0.9341551333254523,-1.083657686612093,-0.3447736221578534,-1.3097526948037,-0.6550606283044997,-0.2081196442696892
-1.687453399770466,-0.05244700925793756,0.718537422398758,-0.2119473124249129,0.3387441645694547,0.01690682574276105,-0.2460406095463683,2.19821613291364,-0.04498001214543239,1.547818817332479,-1.891746258968794,-0.540012183792258,-0.8898374235823699,1.118025073947417,-0.6445460732656028,0.4256504005209451,-0.1248603176944156,0.6035177112483178,0.2633159331736376,-0.8997493763429854,1.206173916443421,0.2711148136471151,1.827839845245253,-0.01621247912531058,0.706614527040157,-2.339333287758065,1.050156852391809,-1.151295786621037,0.2976253580027947,-0.5701262773314733,1.703510977047682,-0.05914761903290067
0.185625136141151,-1.160828001362844,-0.749127065207549,-0.7736665967956322,0.1220170185709217,-0.6685949018234235,-0.4576782580769863,0.150294150376182,1.797282619906468,0.7039983319022258,-0.2108783709230312,-1.240423008800257,0.5100914074950644,-0.695687667046192,-1.766239564555212,1.185692147381396,0.5528008583657503,-0.02052717508392706,-0.08202486244442785,0.7111544263651467,0.1411159069557439,-1.515890587897762,0.9328813443522902,1.053743425845923,0.4517827108891567,0.9004685529719821,-1.901121084933812,0.0004304345265466012,0.1039960096147534,-2.049701714993084,0.8321868037476359,-0.4399334618448974
1.376347501865221,0.1498940465203638,-1.878360951870328,-1.606162695138368,-0.2589067988630696,1.525005621392971,0.689656134324796,0.753214570770032,-1.261781896591623,-0.5427048000939108,0.1616536415755406,0.6514924209590421,0.4355047795536332,-2.053579649139302,-0.5488010137822457,0.3954418865381167,0.5669921666856428,-1.010029420905953,-0.2410252247638293,-0.9580428775946997,-1.173999672117117,0.2876204862725704,2.160431934315654,0.3797217034508906,1.027055949603678,0.6834678220316913,-1.564359847308074,-0.9418207757304879,-1.797220969823859,-2.469817897673991,-0.2460077910435349,-0.6484030920805078
2.339131599123189,-0.9185318764970529,1.282220952626573,-0.9786610279181991,-0.3324858935197181,-0.1267141428713945,0.167659126869991,0.9609465942997514,0.882514968229102,-0.4447238024234587,-0.5605956147784602,-0.2348988915911142,-0.4932934360370256,1.102701545735684,0.5525194111731715,0.7499879068857308,1.624216151535538,-0.05201445352644189,0.3691529387098974,-0.1669384128878156,0.08690392804001382,0.332791312041879,-0.5193079047196999,-0.456609448091493,-0.3460375550573294,0.6536900461460309,-0.2290101611554795,2.583211241570829,1.073274368184788,-0.5210000168933928,-0.7659559401933625,0.404938464422431
0.6331419095629682,-0.5120174214568507,0.2219952335673786,-0.6350295847258816,-1.735039799955464,0.2023358338973352,-0.3670666051470667,-0.40047099399946,0.4380237474576172,1.260349275638458,0.9553347801864934,-1.273250284182371,0.2174291175186497,-0.7031883518170876,0.8770762714784013,-0.2548471998542172,0.2922943662551747,-0.990587927180349,0.5628008837859844,0.1511155731437255,-0.6247662917433633,0.5231386821187114,0.4559984781684834,1.249187934542186,-0.6956263026974457,-0.1957699073437602,-1.342130754420302,1.55786406042224,-0.6249361159299813,-0.9729048735446573,0.03357494151022615,0.2266541746285874
1.203335626497414,1.009687513051804,-2.785230281764392,0.4512116194958253,0.04936052836764829,-1.908942302164367,0.3112677485612477,0.3143119104817381,1.386187013670473,0.9520331281994127,0.681209379514942,-0.7339947030410505,-0.4460456813095393,0.9327219950201115,1.157252437735504,0.2213991332609043,0.09056034438378791,-0.1776099454661012,0.2965670913700704,-0.7212662179809063,0.7389609848829803,1.141889034762275,0.07007400557263324,0.9359348438102751,0.9708092543456088,2.144647671909051,-0.3047846846321296,-0.8207360798535402,0.3788270817167019,-0.6622324925060308,-0.4335111520228854,-1.796573284352448
-0.5872272090581988,-0.2408353342246001,-0.7414553013245131,1.335847553650734,0.5437509136724277,0.512687156858106,0.7650005952801882,-1.59689275910368,-0.8747280686465171,0.9112310188930104,0.6859887159757101,-1.005698898792906,0.7738578198408708,1.723312841304276,0.1454767916415668,0.9381562005617177,-0.249802444326754,-0.6113948847752424,-1.340597676492947,-0.9132352089980438,1.987337755304532,2.402272686875399,1.027231348211469,1.703098626620954,1.179439728601761,1.475056601466145,-3.520683536331602e-005,0.9108955471921412,0.02382799754757776,0.7532172334519157,0.2809057607071074,-0.833459053299669
0.08748724150802303,-0.1903167027457732,-0.580407524649258,0.6361515399649235,-0.1231140908190213,-1.881058466661788,-0.598098778657267,0.1902718180861763,-1.298112945654245,-0.6186335481601716,-0.8353481231496193,0.2063892529976178,-0.5270400776587857,-0.8460367057077637,-1.002553157836459,0.5522825060615768,1.285880491814763,0.3799175371109709,-0.2702214438496712,-0.6404686202171223,0.6349644532080531,-0.3514396034494852,-0.2263823658123917,0.7353949322239977,-1.534271009757426,-1.258632707661942,1.552015247855501,1.24671067917695,0.9678513776368213,0.3058850230579211,0.1434759815548796,0.9548319499940282
-0.4549114201702482,-1.455864070060253,0.4626339473919027,0.9857161076588243,1.099642871767624,0.1043871242049086,0.2939657245629755,-0.7438452055719544,1.757743497381874,0.2198767949276829,1.607691545143997,0.2468580983651477,-1.434686775980642,0.2588934440576561,0.6728793749698485,-0.4543844601630348,-0.5910729026735457,-0.1417696931180905,1.885714982879093,-0.2394535549791386,0.3176193059540511,-0.300239668316627,0.2420113548498536,2.328747230080222,0.009987952217601244,-0.6021779634684153,-1.796027339194092,0.2635605756822202,1.395208852713713,-2.154193196087956,0.3657951268083762,-0.7671611948186032
-0.3846388766599165,-0.4658214072823448,1.133680280256944,1.143683469692554,-2.08194368466023,-0.1852259462725592,1.185887608232153,2.051800423406368,-0.3949224528914744,-0.5467114616351989,-0.5193161859079046,-1.358478086208618,0.003511812917130655,-0.8022126302681346,-1.589451132738692,-1.293295416623797,0.267557187540343,-0.3752623071509709,0.9293660513336063,0.1199191776768386,0.9208436333045846,-1.318277518574845,-1.487778704642673,2.07119795668708,0.1141586320889489,0.4529518621097116,1.947290585781946,0.03198160186371343,-1.194570537140512,-0.6310319108082243,-2.351573088972366,0.434335497622394
-0.5125138790130838,2.006362111083062,-0.06652023582426173,0.4353829624646413,0.6373481242978715,-0.2134689270980071,-0.4778108131397207,-0.1624311519418726,-0.5706950703308493,1.008392009319984,0.9551907228129558,-0.3486398124879705,-0.1483981242138201,1.944562268201596,0.8726304910562581,-0.06032242106126619,0.8182454742286567,0.1791601799325005,1.164563947924248,1.702751744179014,0.5539257037206962,1.37434381063725,0.03593426620919565,-0.5139172623315901,0.07898221373509932,-0.8017603625338892,-1.300286622855384,-0.7506968540859448,0.6702385806643317,3.00128069286579,-0.07200745565339327,-2.223341433286456
0.1772923131094068,0.53246861840545,0.09645688921652674,1.39019673603928,-0.8169732282668852,0.3653331879361924,0.7308306594039006,1.292977995652016,0.4724379623220712,1.533160318711451,-0.1095991330669217,0.03809868541493129,0.3529456808375569,-1.138753085465123,-1.017856264538189,-1.061990624969207,-0.7231027799121437,-0.2634256454760578,1.356307831954763,-1.576090360829614,1.045216976222358,-1.721095750939953,1.596275738617659,-0.4051048901853565,1.411943507367271,0.3661114662457878,1.218715160363599,-0.7390210025646443,1.189103176159364,2.588768624979316,-0.4066769260026569,0.8931719518016943
-0.3054111004356855,2.040403040085794,-1.003591417712715,-0.4198712643513586,1.134673104352282,1.467374874999985,1.714836970651495,-2.00765689050243,-0.3319550606795943,0.1245802915014879,-0.3082782752995519,-0.3459222948162436,0.8262216204337157,0.421697554350649,0.530454681173072,1.997342525839852,0.6047391706991111,0.2285738568198928,-1.822504287116155,-0.7713845701964678,-0.2371480245658762,-0.2956407923157049,-0.194864019698816,-0.6519108112620878,-1.485976913053661,0.1708588021247604,-0.3443119729652867,-0.3113764520186779,-0.4359111701544615,0.1882719744116824,2.336043450046415,0.1392132234407781
0.2911934339279436,0.4942186662442278,1.589124662173259,0.02374306505318013,-0.1632477814147855,1.422488687472565,-1.049660777342615,-0.5585545778015889,2.184840490924894,-0.6919610618374937,-0.2873639171135173,-1.11656327496345,-1.344875860791306,1.15727292894217,0.6239614430670984,-2.022091049629051,-1.72410195172325,0.1043315802577656,0.05737289200610714,-0.8113909620515377,0.3093194465841823,1.588454678056632,-1.07636593223184,1.510636088725326,1.979887955379383,-0.9266437643144324,-0.3950193498784139,-0.3431266686556593,-0.483769828187693,0.610543161356737,1.610756396168033,-1.777944040111068
0.2781147463042908,0.6204224695509138,1.076315515606805,-0.9225984933714794,0.2008357244671977,0.5263238144107527,-1.380906385283675,-0.8038807464826151,-0.3205521202524713,0.03459149658430749,-0.6714197921559875,-0.7804097310607645,-0.2612764735748206,0.7515305836187107,-0.520727477682675,1.592356150586363,1.461247510318324,0.1026577439689529,-1.466401385586153,-0.264706484768901,1.356784917249551,1.347604196070504,-0.06681850662635751,0.4951999005405789,0.7572654069232269,0.8214025560112431,0.6681534019289493,0.733343324979099,0.5001503694688023,0.9679076700122584,0.4369773726931704,0.01432527944865101
-0.5763524808898532,-0.06042311644106175,0.5592865300215948,-1.108049051148112,0.8281472820589316,0.01814074575210237,0.2932335443850107,-0.318378947135219,-0.0002865269966037741,-0.4779495823156911,-0.4086842483560703,0.2255877623499737,-0.3500463593185417,-1.28123569941822,-0.6646825269088408,0.4833421987515927,0.2253695106107879,1.173431510119235,-0.8356169083239701,-1.610300230339534,-1.132176458805886,1.273941532528409,0.8038071925278315,0.3457517095553838,0.1803729384593104,-1.555925375097648,-0.1866274343757839,-0.288095419935409,-0.2303961606004862,0.630333814840539,0.9704961645245734,2.023901833908735
-1.167673514176508,-0.4732137941287988,0.06221519887972642,1.248313747186905,1.132644302304257,0.751326078600253,-0.03073658243105283,-0.1757809387299219,0.7741045718945186,1.456003509769612,1.30149999226961,0.5724359435584011,-0.1991366389545635,0.3029375309988519,0.1472326304933099,0.8169979983498656,-1.21271859181742,-0.1823694071494949,-0.3810914165173757,0.8581578067803751,1.300753337913295,0.9752155453030531,-0.1560774187044623,0.09486530284766707,1.145190139001775,0.5623715090327622,1.202185857190441,0.7089850866858463,-0.05844888245723951,0.2634401720256979,-0.4202802287353115,0.9958763435275773
0.105066077929302,-0.2567123872088487,0.8819808738899643,-0.9058632531549013,-0.4758724216803583,-0.9790318124852014,-0.5978303019633679,-0.2040635679114478,1.804067258942365,2.587867957010431,-0.5333922962941707,-0.4502189102548236,0.03852814195608342,-1.051679148654428,2.580000640697327,-0.6580928857057107,-0.2049950271476371,-0.4714994382451685,-0.7301152471783607,-0.3048251000921821,-0.8167510788169221,-0.451574204474186,-0.2828385831329033,1.352773407365589,-0.6214745557713381,-0.8820592090347059,0.2580902603362036,0.3147152610418521,-0.4709047271094734,-0.1343352595067586,-0.6815730156659446,2.225337196432248
1.313655365204782,0.5793692784229951,-0.8317041135568516,-0.5767184148407082,-1.803126420816903,0.7518528417181007,0.2875159979326329,-0.04813427114768197,2.477911596969477,-1.978488682854505,0.8825311869763395,1.070244477882474,-0.9957358330836807,0.8033912434037934,-0.4238348184422089,2.283488988077098,-1.683935050908442,0.8372435292278265,0.07181112448381032,0.1591541379879922,0.704637958070253,-0.9131897256266122,-1.132039803274035,1.644227775709811,-0.2777383063935733,-0.1550321307655956,0.7377613800159162,0.8169384562357547,-0.1535649188300384,1.530695993614005,0.06911088611176552,0.8667492241341618
0.5254188521402084,-0.2678949444247375,-0.2301550030440822,-2.486568090252409,2.151454458559341,1.396936524230911,-0.3802928437172965,0.0782109503833642,-0.6150776154977263,2.294164617597684,0.821582584897609,0.7608896008855006,0.9046630393658082,-1.63379200688531,-0.328386243926874,0.6432659630001158,1.198969881795071,-2.058025971830388,-0.5186472689421975,0.4180744719670841,1.086348844618692,-0.674739263441495,-0.712737753177984,-0.1284030347873137,2.354711219316984,-0.2513575046288062,-0.9516068924898207,-0.3238218671440858,-0.3368398332405682,-0.5944609618554235,-0.963842354664521,1.211033592685406
0.3779761499855353,-0.8801249539792836,-1.736002198965546,-2.046214035717695,-0.9705829332454152,1.262557775422201,1.432021532631964,1.574036313578144,-1.313502256206888,0.8865633312139337,-0.08335142622522963,0.03768200027918722,-0.2256965860250511,1.503312305037322,-1.204725244841602,0.1905978376806642,0.1177408095063606,0.6083464042574772,-1.257302070053391,-0.5069851787300875,0.8525046675116804,0.9286031408618699,1.599261958403489,-0.04740389597950877,-0.4604252528497979,1.70845149159365,0.2505056279586169,-0.8315311725055226,-0.8283593042741809,0.2167103992496691,1.120387118576063,0.4652853391766421
0.002672579539694004,0.0944767387636819,0.2401084217060394,-0.9745721099934076,-0.2688273557036444,0.07594333448322796,0.05041583803221652,-1.328904714824047,0.02589381061573371,0.2640418653627333,0.01852403473958381,2.270242999244836,-0.03466363230204621,0.3708990857616216,0.9532862934931045,-0.05346390809606005,-0.7653395222312002,1.908507233461241,-1.225695299545628,-0.5130260018012918,-1.568260623090889,0.6259855527962374,1.40569981084183,-0.07574488508439978,-0.3063122688563032,1.297409331477712,-2.487736353524602,1.580210326947098,-0.2927980146735084,0.3502103453536511,0.8353236006455942,0.9944790326652071
32.41245457208406,0.6566580295659733,-0.6972570635129527,-10.80107653682766,-5.68684179311659,1.134157626625199,7.176474574972432,2.703147097397729,-1.115743354207046,-1.25639115987607,7.619511342870498,2.015779920509962,7.143866758356769,-0.8678541175177963,-2.276632615720809,-2.43625554089884,6.923201500151309,1.902395133816044,-1.316233825488658,-5.562079006854977,0.5628530818058658,-6.559586251868454,-2.1796524524702,8.021442701565825,1.169677712142739,9.770705875089357,-3.947526728911556,1.231912399625309,-4.280424061674902,-5.299780335409344,-0.6231435978538609,2.571020526662052
0.6566580295659733,23.84799686636995,0.1299777457385404,1.725369922936359,3.547981343928182,4.198583668639489,1.370393538030934,-6.586233224724211,-1.907467736375702,0.807640313755057,0.6118464523091708,-0.1626628951520773,5.1199399713652,2.505980165896655,6.376356023230571,1.062128395156243,-3.169999743058758,-3.294884276174761,-4.375512470194533,-1.98804622366177,-3.009782331269855,3.225750049874585,0.500578576020736,-6.633110051729637,2.11153743581855,-4.279326706061374,-0.7381227563823329,-0.8163049814775905,0.3481745340764664,17.39392124565385,9.492101228015118,-9.649587240951721
-0.6972570635129527,0.1299777457385404,36.97621588115556,8.775763243399471,1.770490193704544,4.43443258651109,-6.233629179378898,-0.09397908956775902,4.23212864915155,5.051034826903857,-6.16917288602213,-0.6775359966441145,3.715272492805639,1.915056150740813,3.798761203228987,-12.10845638396804,-4.364173677811008,-0.1194639514469095,2.449236433848458,-6.938463321349793,-4.191009464717406,-2.077392312806632,-3.607435416251199,1.436369937262637,1.243736843264606,-13.22522004132646,0.3015104121765944,11.00291411322624,4.395766985045855,12.73801628002161,3.293101706942287,4.442112861226938
-10.80107653682766,1.725369922936359,8.775763243399471,39.11629692045738,2.234509830747163,-8.708335428855932,10.14672886782669,-2.128503815814655,2.805007575310576,1.373479830132881,2.21472812242072,-3.751428881469317,0.1766944121665672,7.783874173923205,-2.192512644780463,-5.563163574640213,-9.960189897455596,1.549132066096051,10.34526404189752,-1.748128919769192,9.075163208482209,-1.716569878811068,-7.631946985081788,-1.618834392766837,-1.65086080426567,1.97318282735286,6.298564852492847,2.649204661959665,8.525398259899404,15.47008830298656,-5.584143162605482,-7.610650126582776
-5.68684179311659,3.547981343928182,1.770490193704544,2.234509830747163,30.34546567716011,3.666605934590692,5.33645876614033,-9.256157660181017,-7.354047965980643,6.921976181450336,3.823336298576294,6.863440200657848,8.452363492632037,1.358795120260005,0.558592968295591,3.589615063604509,2.793042251814956,-2.894461147535358,-3.9106959434499,3.223865305952858,5.618158323687545,3.92484998078128,3.311884235844237,-10.01757475886355,5.923202508597049,-2.185668210919979,-9.991684082627289,-2.657807176583713,6.862934570734796,-0.1266041355595334,7.447838401535813,-0.9995740104582242
1.134157626625199,4.198583668639489,4.43443258651109,-8.708335428855932,3.666605934590692,23.84095613490386,1.620020495620661,-2.631499016008582,-4.091597346881688,1.534085474953058,1.028050565972746,4.170601864631919,1.588423584043805,0.8251046905616671,-1.4101704419506,3.28893625970024,-3.937841986026375,-7.829838907586792,-6.353600844242452,-7.40740581498588,0.5398857648688966,5.965041663082481,4.848956847347321,-1.214588939958429,8.727029836422471,1.007470972232837,-4.770905918218326,-0.4086070892785356,-8.663012122361435,4.740104794232452,8.750849982928228,-0.358034072116711
