A = [
-2 2 -5 -7
2 -3 7 11
-4 3 -7 -9
]
G0 = [
1 0 0
1 1 0
-2 0 1
]
A0 = G0 * A
G1 = [
1 2 0
0 1 0
0 -1 1
]
A1 = G1 * A0
G2 = [
1 0 1
0 1 -2
0 0 1
]
A2 = G2 * A1
D = [
-1/2 0 0
0 -1 0
0 0 1
]
A3 = D*A2