% number of repeats:% 3
% enter first, last, inc:% 48 1488 48 
data = [
%  n          reference      |         current implementation 
%        time       GFLOPS   |    time       GFLOPS     diff 
  1488 2.9527e-01 2.2316e+01    9.6683e+00 6.8153e-01 1.8190e-12
  1440 2.5307e-01 2.3598e+01    8.6199e+00 6.9281e-01 1.8758e-12
  1392 2.2527e-01 2.3946e+01    7.4313e+00 7.2591e-01 1.5916e-12
  1344 2.0562e-01 2.3614e+01    7.2563e+00 6.6913e-01 1.5348e-12
  1296 1.8472e-01 2.3569e+01    5.8780e+00 7.4065e-01 1.3642e-12
  1248 1.6526e-01 2.3524e+01    5.4633e+00 7.1158e-01 1.4211e-12
  1200 1.4681e-01 2.3541e+01    4.6484e+00 7.4348e-01 1.1369e-12
  1152 1.2874e-01 2.3751e+01    4.6694e+00 6.5483e-01 9.6634e-13
  1104 1.1384e-01 2.3640e+01    3.5579e+00 7.5638e-01 6.8212e-13
  1056 9.9795e-02 2.3600e+01    3.2479e+00 7.2514e-01 5.1159e-13
  1008 8.6068e-02 2.3800e+01    2.3507e+00 8.7141e-01 2.2737e-13
   960 7.4775e-02 2.3664e+01    2.0191e+00 8.7636e-01 1.9895e-13
   912 6.3762e-02 2.3793e+01    1.7667e+00 8.5872e-01 1.7053e-13
   864 5.4528e-02 2.3657e+01    1.4686e+00 8.7835e-01 1.9895e-13
   816 4.6341e-02 2.3450e+01    1.1870e+00 9.1548e-01 1.4211e-13
   768 3.8948e-02 2.3261e+01    9.9450e-01 9.1098e-01 1.7053e-13
   720 3.2297e-02 2.3113e+01    8.2981e-01 8.9960e-01 1.4211e-13
   672 2.6642e-02 2.2781e+01    6.6153e-01 9.1747e-01 1.7053e-13
   624 2.1125e-02 2.3003e+01    5.2407e-01 9.2724e-01 1.4211e-13
   576 1.6562e-02 2.3077e+01    4.0954e-01 9.3326e-01 1.7053e-13
   528 1.3003e-02 2.2641e+01    3.3432e-01 8.8058e-01 1.4211e-13
   480 1.0290e-02 2.1495e+01    2.5838e-01 8.5603e-01 1.1369e-13
   432 6.9820e-03 2.3094e+01    1.7273e-01 9.3351e-01 7.1054e-14
   384 4.8950e-03 2.3135e+01    1.2852e-01 8.8118e-01 7.1054e-14
   336 3.3680e-03 2.2526e+01    8.1280e-02 9.3339e-01 5.6843e-14
   288 2.0700e-03 2.3080e+01    4.9640e-02 9.6244e-01 8.5265e-14
   240 1.2010e-03 2.3021e+01    2.9250e-02 9.4523e-01 4.2633e-14
   192 6.2200e-04 2.2758e+01    1.4882e-02 9.5120e-01 3.5527e-14
   144 2.7100e-04 2.2037e+01    6.2080e-03 9.6198e-01 2.8422e-14
    96 8.8000e-05 2.0108e+01    1.8400e-03 9.6167e-01 1.4211e-14
    48 1.7000e-05 1.3011e+01    2.2900e-04 9.6587e-01 7.1054e-15
];

% Maximum difference between reference and your implementation: 1.875833e-12.
