% number of repeats:% 3
% enter first, last, inc:% 48 1488 48 
data = [
%  n          reference      |         current implementation 
%        time       GFLOPS   |    time       GFLOPS     diff 
  1488 2.7827e-01 2.3679e+01    2.4019e+00 2.7434e+00 1.8190e-12
  1440 2.5235e-01 2.3665e+01    2.2158e+00 2.6952e+00 1.8190e-12
  1392 2.2423e-01 2.4058e+01    2.0709e+00 2.6048e+00 1.6485e-12
  1344 2.0302e-01 2.3916e+01    1.7894e+00 2.7134e+00 1.5348e-12
  1296 1.8238e-01 2.3871e+01    1.6439e+00 2.6484e+00 1.3642e-12
  1248 1.6394e-01 2.3713e+01    1.4288e+00 2.7208e+00 1.4211e-12
  1200 1.4634e-01 2.3616e+01    1.2563e+00 2.7509e+00 1.1369e-12
  1152 1.2860e-01 2.3776e+01    1.0797e+00 2.8320e+00 9.6634e-13
  1104 1.1340e-01 2.3732e+01    9.2534e-01 2.9083e+00 6.8212e-13
  1056 9.9753e-02 2.3610e+01    7.4598e-01 3.1572e+00 5.1159e-13
  1008 8.6565e-02 2.3663e+01    4.7690e-01 4.2952e+00 2.2737e-13
   960 7.4922e-02 2.3618e+01    3.1133e-01 5.6836e+00 1.7053e-13
   912 6.4419e-02 2.3551e+01    2.0021e-01 7.5777e+00 1.1369e-13
   864 5.5555e-02 2.3219e+01    1.5025e-01 8.5856e+00 1.1369e-13
   816 4.5900e-02 2.3675e+01    1.2404e-01 8.7608e+00 1.4211e-13
   768 3.9285e-02 2.3061e+01    1.3446e-01 6.7379e+00 1.4211e-13
   720 3.2502e-02 2.2968e+01    8.4855e-02 8.7973e+00 1.1369e-13
   672 2.6104e-02 2.3250e+01    6.7808e-02 8.9507e+00 1.1369e-13
   624 2.1121e-02 2.3007e+01    5.3871e-02 9.0205e+00 1.1369e-13
   576 1.6835e-02 2.2703e+01    4.2042e-02 9.0911e+00 1.7053e-13
   528 1.2767e-02 2.3059e+01    3.2821e-02 8.9697e+00 1.1369e-13
   480 9.9300e-03 2.2274e+01    2.3913e-02 9.2495e+00 1.1369e-13
   432 7.1380e-03 2.2589e+01    1.7419e-02 9.2567e+00 5.6843e-14
   384 4.9470e-03 2.2892e+01    1.2033e-02 9.4113e+00 5.6843e-14
   336 3.2400e-03 2.3415e+01    8.0020e-03 9.4809e+00 5.6843e-14
   288 2.0970e-03 2.2783e+01    4.8440e-03 9.8629e+00 7.1054e-14
   240 1.1910e-03 2.3214e+01    2.7990e-03 9.8778e+00 4.2633e-14
   192 6.2000e-04 2.2832e+01    1.3160e-03 1.0757e+01 2.8422e-14
   144 2.7000e-04 2.2118e+01    4.0600e-04 1.4709e+01 2.8422e-14
    96 8.7000e-05 2.0339e+01    1.2100e-04 1.4624e+01 1.0658e-14
    48 1.6000e-05 1.3824e+01    1.4000e-05 1.5799e+01 5.3291e-15
];

% Maximum difference between reference and your implementation: 1.818989e-12.
