% number of repeats:% 3
% enter first, last, inc:% 48 1488 48 
data = [
%  n          reference      |         current implementation 
%        time       GFLOPS   |    time       GFLOPS     diff 
  1488 2.7740e-01 2.3754e+01    1.2657e+00 5.2060e+00 1.8190e-12
  1440 2.5131e-01 2.3763e+01    1.1328e+00 5.2720e+00 1.8758e-12
  1392 2.2727e-01 2.3735e+01    1.0229e+00 5.2737e+00 1.5916e-12
  1344 2.0519e-01 2.3663e+01    9.2864e-01 5.2285e+00 1.5348e-12
  1296 1.8880e-01 2.3059e+01    8.1713e-01 5.3278e+00 1.3642e-12
  1248 1.8120e-01 2.1454e+01    7.3042e-01 5.3223e+00 1.4211e-12
  1200 1.4991e-01 2.3054e+01    6.6641e-01 5.1860e+00 1.1369e-12
  1152 1.3129e-01 2.3290e+01    5.9902e-01 5.1044e+00 9.6634e-13
  1104 1.1442e-01 2.3521e+01    5.1642e-01 5.2111e+00 6.8212e-13
  1056 1.0020e-01 2.3504e+01    4.5231e-01 5.2069e+00 5.1159e-13
  1008 8.6811e-02 2.3596e+01    3.7524e-01 5.4588e+00 2.2737e-13
   960 7.5767e-02 2.3354e+01    3.2159e-01 5.5023e+00 1.9895e-13
   912 6.4275e-02 2.3603e+01    2.7507e-01 5.5154e+00 1.7053e-13
   864 5.5779e-02 2.3126e+01    2.3807e-01 5.4183e+00 1.9895e-13
   816 4.6846e-02 2.3197e+01    2.0012e-01 5.4300e+00 1.4211e-13
   768 3.9157e-02 2.3137e+01    1.6900e-01 5.3607e+00 1.7053e-13
   720 3.2055e-02 2.3288e+01    1.3496e-01 5.5311e+00 1.4211e-13
   672 2.6267e-02 2.3106e+01    1.0887e-01 5.5749e+00 1.7053e-13
   624 2.1316e-02 2.2797e+01    8.6615e-02 5.6104e+00 1.4211e-13
   576 1.6765e-02 2.2798e+01    6.7983e-02 5.6221e+00 1.7053e-13
   528 1.2854e-02 2.2903e+01    5.1698e-02 5.6945e+00 1.4211e-13
   480 9.9000e-03 2.2342e+01    3.6771e-02 6.0152e+00 1.1369e-13
   432 6.8910e-03 2.3399e+01    2.7069e-02 5.9567e+00 7.1054e-14
   384 4.9030e-03 2.3097e+01    1.9324e-02 5.8604e+00 7.1054e-14
   336 3.2590e-03 2.3279e+01    1.3192e-02 5.7509e+00 5.6843e-14
   288 2.0640e-03 2.3147e+01    7.9290e-03 6.0254e+00 8.5265e-14
   240 1.1070e-03 2.4976e+01    1.1432e-02 2.4185e+00 4.2633e-14
   192 1.5740e-03 8.9935e+00    6.0590e-03 2.3363e+00 3.5527e-14
   144 6.7400e-04 8.8605e+00    1.8450e-03 3.2368e+00 2.8422e-14
    96 1.6700e-04 1.0596e+01    4.4400e-04 3.9853e+00 1.4211e-14
    48 2.6000e-05 8.5071e+00    6.4000e-05 3.4560e+00 7.1054e-15
];

% Maximum difference between reference and your implementation: 1.875833e-12.
