% number of repeats:% 3
% enter first, last, inc:% 48 1488 48 
data = [
%  n          reference      |         current implementation 
%        time       GFLOPS   |    time       GFLOPS     diff 
  1488 2.8006e-01 2.3528e+01    1.6348e+00 4.0307e+00 1.8190e-12
  1440 2.5169e-01 2.3728e+01    1.5643e+00 3.8177e+00 1.8758e-12
  1392 2.3061e-01 2.3392e+01    1.3921e+00 3.8750e+00 1.5916e-12
  1344 2.0899e-01 2.3233e+01    1.2226e+00 3.9713e+00 1.5348e-12
  1296 1.8395e-01 2.3667e+01    1.1607e+00 3.7509e+00 1.3642e-12
  1248 1.6878e-01 2.3033e+01    9.4985e-01 4.0928e+00 1.4211e-12
  1200 1.5983e-01 2.1624e+01    8.6149e-01 4.0117e+00 1.1369e-12
  1152 1.2982e-01 2.3553e+01    7.6663e-01 3.9884e+00 9.6634e-13
  1104 1.1542e-01 2.3317e+01    6.8208e-01 3.9455e+00 6.8212e-13
  1056 1.0045e-01 2.3446e+01    5.4323e-01 4.3355e+00 5.1159e-13
  1008 8.8981e-02 2.3020e+01    4.1678e-01 4.9148e+00 2.2737e-13
   960 7.5531e-02 2.3427e+01    3.1916e-01 5.5442e+00 1.9895e-13
   912 6.4628e-02 2.3474e+01    2.7492e-01 5.5183e+00 1.7053e-13
   864 5.4818e-02 2.3531e+01    2.0299e-01 6.3547e+00 1.9895e-13
   816 4.6391e-02 2.3424e+01    1.7366e-01 6.2573e+00 1.4211e-13
   768 3.8938e-02 2.3267e+01    1.4080e-01 6.4344e+00 1.7053e-13
   720 3.2222e-02 2.3167e+01    1.1605e-01 6.4326e+00 1.4211e-13
   672 2.6273e-02 2.3101e+01    9.5566e-02 6.3509e+00 1.7053e-13
   624 2.1140e-02 2.2987e+01    7.6158e-02 6.3807e+00 1.4211e-13
   576 1.6631e-02 2.2982e+01    6.0298e-02 6.3386e+00 1.7053e-13
   528 1.4726e-02 1.9992e+01    4.7388e-02 6.2125e+00 1.4211e-13
   480 9.6320e-03 2.2963e+01    3.5208e-02 6.2822e+00 1.1369e-13
   432 7.1560e-03 2.2533e+01    2.6044e-02 6.1912e+00 7.1054e-14
   384 4.9680e-03 2.2795e+01    1.8317e-02 6.1826e+00 7.1054e-14
   336 3.2630e-03 2.3250e+01    1.2372e-02 6.1321e+00 5.6843e-14
   288 2.0640e-03 2.3147e+01    7.8500e-03 6.0861e+00 8.5265e-14
   240 1.2080e-03 2.2887e+01    4.2680e-03 6.4780e+00 4.2633e-14
   192 6.2000e-04 2.2832e+01    2.2120e-03 6.3995e+00 3.5527e-14
   144 2.6900e-04 2.2201e+01    9.4800e-04 6.2995e+00 2.8422e-14
    96 8.7000e-05 2.0339e+01    2.9000e-04 6.1016e+00 1.4211e-14
    48 1.7000e-05 1.3011e+01    4.1000e-05 5.3947e+00 7.1054e-15
];

% Maximum difference between reference and your implementation: 1.875833e-12.
