% number of repeats:% 3
% enter first, last, inc:% 48 1488 48 
data = [
%  n          reference      |         current implementation 
%        time       GFLOPS   |    time       GFLOPS     diff 
  1488 2.9494e-01 2.2341e+01    1.6028e+00 4.1111e+00 1.8190e-12
  1440 2.5304e-01 2.3601e+01    1.4637e+00 4.0800e+00 1.8758e-12
  1392 2.2699e-01 2.3765e+01    1.2913e+00 4.1776e+00 1.5916e-12
  1344 2.0484e-01 2.3703e+01    1.1675e+00 4.1589e+00 1.5348e-12
  1296 1.8300e-01 2.3790e+01    1.0477e+00 4.1555e+00 1.3642e-12
  1248 1.6336e-01 2.3797e+01    9.3474e-01 4.1590e+00 1.4211e-12
  1200 1.4913e-01 2.3175e+01    8.4859e-01 4.0726e+00 1.1369e-12
  1152 1.3335e-01 2.2929e+01    7.5884e-01 4.0294e+00 9.6634e-13
  1104 1.1474e-01 2.3454e+01    6.3865e-01 4.2138e+00 6.8212e-13
  1056 1.0054e-01 2.3426e+01    5.5741e-01 4.2252e+00 5.1159e-13
  1008 8.6547e-02 2.3668e+01    4.9063e-01 4.1750e+00 2.2737e-13
   960 7.5059e-02 2.3574e+01    4.1976e-01 4.2154e+00 1.9895e-13
   912 6.4492e-02 2.3524e+01    3.5698e-01 4.2498e+00 1.7053e-13
   864 5.9969e-02 2.1510e+01    3.0194e-01 4.2722e+00 1.9895e-13
   816 4.7794e-02 2.2737e+01    2.5129e-01 4.3245e+00 1.4211e-13
   768 3.8767e-02 2.3370e+01    2.1549e-01 4.2042e+00 1.7053e-13
   720 3.1953e-02 2.3362e+01    1.7338e-01 4.3056e+00 1.4211e-13
   672 2.6575e-02 2.2838e+01    1.4111e-01 4.3010e+00 1.7053e-13
   624 2.0950e-02 2.3195e+01    1.1165e-01 4.3524e+00 1.4211e-13
   576 1.6739e-02 2.2833e+01    8.7337e-02 4.3762e+00 1.7053e-13
   528 1.2788e-02 2.3021e+01    6.8141e-02 4.3204e+00 1.4211e-13
   480 9.8610e-03 2.2430e+01    5.0793e-02 4.3546e+00 1.1369e-13
   432 7.1160e-03 2.2659e+01    3.6693e-02 4.3944e+00 7.1054e-14
   384 5.0560e-03 2.2398e+01    2.5376e-02 4.4627e+00 7.1054e-14
   336 3.3470e-03 2.2667e+01    1.7433e-02 4.3519e+00 5.6843e-14
   288 2.0760e-03 2.3013e+01    1.0964e-02 4.3575e+00 8.5265e-14
   240 1.1970e-03 2.3098e+01    6.2280e-03 4.4393e+00 4.2633e-14
   192 6.2200e-04 2.2758e+01    3.0920e-03 4.5782e+00 3.5527e-14
   144 2.6900e-04 2.2201e+01    1.4260e-03 4.1879e+00 2.8422e-14
    96 8.8000e-05 2.0108e+01    4.2500e-04 4.1635e+00 1.4211e-14
    48 1.6000e-05 1.3824e+01    5.1000e-05 4.3369e+00 7.1054e-15
];

% Maximum difference between reference and your implementation: 1.875833e-12.
