% number of repeats:% 3
% enter first, last, inc:% 48 1488 48 
data = [
%  n          reference      |         current implementation 
%        time       GFLOPS   |    time       GFLOPS     diff 
  1488 2.9036e-01 2.2694e+01    1.5507e+00 4.2491e+00 1.8190e-12
  1440 2.5237e-01 2.3663e+01    1.3968e+00 4.2756e+00 1.8190e-12
  1392 2.2601e-01 2.3868e+01    1.2348e+00 4.3687e+00 1.6485e-12
  1344 2.0297e-01 2.3922e+01    1.1493e+00 4.2247e+00 1.5348e-12
  1296 1.8543e-01 2.3479e+01    1.0138e+00 4.2943e+00 1.3642e-12
  1248 1.6516e-01 2.3538e+01    8.9496e-01 4.3438e+00 1.4211e-12
  1200 1.4624e-01 2.3632e+01    7.9055e-01 4.3716e+00 1.1369e-12
  1152 1.3048e-01 2.3433e+01    7.3015e-01 4.1877e+00 9.6634e-13
  1104 1.1381e-01 2.3645e+01    5.6887e-01 4.7306e+00 6.8212e-13
  1056 9.9857e-02 2.3585e+01    4.3266e-01 5.4434e+00 5.1159e-13
  1008 8.6157e-02 2.3775e+01    3.3330e-01 6.1458e+00 2.2737e-13
   960 7.4300e-02 2.3815e+01    2.5458e-01 6.9505e+00 1.7053e-13
   912 6.4042e-02 2.3689e+01    1.3578e-01 1.1173e+01 1.1369e-13
   864 5.4918e-02 2.3489e+01    1.0365e-01 1.2445e+01 1.1369e-13
   816 4.6434e-02 2.3403e+01    8.4260e-02 1.2897e+01 1.4211e-13
   768 3.9011e-02 2.3223e+01    7.7955e-02 1.1622e+01 1.4211e-13
   720 3.3014e-02 2.2611e+01    5.6745e-02 1.3155e+01 1.1369e-13
   672 2.5998e-02 2.3345e+01    4.4915e-02 1.3513e+01 1.1369e-13
   624 2.1341e-02 2.2770e+01    3.6122e-02 1.3453e+01 1.1369e-13
   576 1.6692e-02 2.2898e+01    2.8017e-02 1.3642e+01 1.7053e-13
   528 1.2973e-02 2.2693e+01    2.1613e-02 1.3621e+01 1.1369e-13
   480 9.7280e-03 2.2737e+01    1.5590e-02 1.4188e+01 1.1369e-13
   432 6.9700e-03 2.3134e+01    1.1547e-02 1.3964e+01 5.6843e-14
   384 4.8850e-03 2.3182e+01    7.8380e-03 1.4448e+01 5.6843e-14
   336 3.2580e-03 2.3286e+01    9.6590e-03 7.8544e+00 5.6843e-14
   288 2.4800e-03 1.9264e+01    3.7410e-03 1.2771e+01 7.1054e-14
   240 1.4180e-03 1.9498e+01    1.7710e-03 1.5612e+01 4.2633e-14
   192 6.2200e-04 2.2758e+01    7.5100e-04 1.8849e+01 2.8422e-14
   144 2.6900e-04 2.2201e+01    2.8800e-04 2.0736e+01 2.8422e-14
    96 8.7000e-05 2.0339e+01    8.7000e-05 2.0339e+01 1.0658e-14
    48 1.6000e-05 1.3824e+01    1.0000e-05 2.2118e+01 5.3291e-15
];

% Maximum difference between reference and your implementation: 1.818989e-12.
