% number of repeats:% 3
% enter first, last, inc:% 48 1488 48 
data = [
%  n          reference      |         current implementation 
%        time       GFLOPS   |    time       GFLOPS     diff 
  1488 2.8648e-01 2.3001e+01    5.9518e-01 1.1071e+01 1.8190e-12
  1440 2.5549e-01 2.3374e+01    6.4218e-01 9.2995e+00 1.8190e-12
  1392 2.6446e-01 2.0398e+01    5.0201e-01 1.0746e+01 1.6485e-12
  1344 2.0867e-01 2.3268e+01    4.8094e-01 1.0096e+01 1.5348e-12
  1296 1.8939e-01 2.2987e+01    3.6488e-01 1.1931e+01 1.3642e-12
  1248 1.6600e-01 2.3419e+01    3.5929e-01 1.0820e+01 1.4211e-12
  1200 1.4838e-01 2.3292e+01    2.9805e-01 1.1595e+01 1.1369e-12
  1152 1.3149e-01 2.3253e+01    3.0135e-01 1.0146e+01 9.6634e-13
  1104 1.1632e-01 2.3136e+01    2.3636e-01 1.1386e+01 6.8212e-13
  1056 1.0497e-01 2.2436e+01    1.8876e-01 1.2477e+01 5.1159e-13
  1008 8.7375e-02 2.3444e+01    2.7799e-01 7.3687e+00 2.2737e-13
   960 7.5860e-02 2.3325e+01    2.2290e-01 7.9384e+00 1.7053e-13
   912 6.4885e-02 2.3381e+01    1.8428e-01 8.2327e+00 1.1369e-13
   864 5.5695e-02 2.3161e+01    1.4976e-01 8.6134e+00 1.1369e-13
   816 4.6687e-02 2.3276e+01    1.4033e-01 7.7436e+00 1.4211e-13
   768 4.1026e-02 2.2083e+01    6.9442e-02 1.3046e+01 1.4211e-13
   720 3.2784e-02 2.2770e+01    6.7046e-02 1.1134e+01 1.1369e-13
   672 2.6883e-02 2.2577e+01    3.5204e-02 1.7240e+01 1.1369e-13
   624 2.1263e-02 2.2854e+01    2.7335e-02 1.7777e+01 1.1369e-13
   576 1.7051e-02 2.2415e+01    2.0648e-02 1.8511e+01 1.7053e-13
   528 1.3251e-02 2.2217e+01    1.6612e-02 1.7722e+01 1.1369e-13
   480 1.0001e-02 2.2116e+01    1.1475e-02 1.9275e+01 1.1369e-13
   432 7.3760e-03 2.1861e+01    8.2430e-03 1.9561e+01 5.6843e-14
   384 5.2670e-03 2.1501e+01    6.0120e-03 1.8837e+01 5.6843e-14
   336 3.5470e-03 2.1389e+01    3.8390e-03 1.9762e+01 5.6843e-14
   288 2.0570e-03 2.3226e+01    2.4130e-03 1.9799e+01 7.1054e-14
   240 1.2260e-03 2.2551e+01    1.3880e-03 1.9919e+01 4.2633e-14
   192 6.2400e-04 2.2686e+01    7.0400e-04 2.0108e+01 2.8422e-14
   144 2.7200e-04 2.1956e+01    2.9500e-04 2.0244e+01 2.8422e-14
    96 8.8000e-05 2.0108e+01    8.9000e-05 1.9882e+01 1.0658e-14
    48 1.6000e-05 1.3824e+01    1.1000e-05 2.0108e+01 5.3291e-15
];

% Maximum difference between reference and your implementation: 1.818989e-12.
