% number of repeats:% 3
% enter first, last, inc:% 48 1488 48 
data = [
%  n          reference      |         current implementation 
%        time       GFLOPS   |    time       GFLOPS     diff 
  1488 2.8495e-01 2.3124e+01    1.3474e+00 4.8902e+00 1.8190e-12
  1440 2.5441e-01 2.3474e+01    1.1692e+00 5.1079e+00 1.8758e-12
  1392 2.2785e-01 2.3675e+01    1.0521e+00 5.1274e+00 1.5916e-12
  1344 2.0314e-01 2.3901e+01    9.5517e-01 5.0833e+00 1.5348e-12
  1296 1.8667e-01 2.3322e+01    8.4311e-01 5.1637e+00 1.3642e-12
  1248 1.6359e-01 2.3764e+01    7.4928e-01 5.1883e+00 1.4211e-12
  1200 1.4632e-01 2.3619e+01    6.7289e-01 5.1361e+00 1.1369e-12
  1152 1.2956e-01 2.3600e+01    5.8073e-01 5.2652e+00 9.6634e-13
  1104 1.1458e-01 2.3487e+01    5.1252e-01 5.2508e+00 6.8212e-13
  1056 1.0082e-01 2.3361e+01    4.5717e-01 5.1516e+00 5.1159e-13
  1008 8.7803e-02 2.3329e+01    3.9340e-01 5.2069e+00 2.2737e-13
   960 7.4573e-02 2.3728e+01    3.4257e-01 5.1653e+00 1.9895e-13
   912 6.4966e-02 2.3352e+01    3.1163e-01 4.8683e+00 1.7053e-13
   864 5.4886e-02 2.3502e+01    2.4688e-01 5.2249e+00 1.9895e-13
   816 4.7996e-02 2.2641e+01    2.1149e-01 5.1382e+00 1.4211e-13
   768 3.9079e-02 2.3183e+01    1.7272e-01 5.2452e+00 1.7053e-13
   720 3.2247e-02 2.3149e+01    1.4288e-01 5.2246e+00 1.4211e-13
   672 2.6254e-02 2.3118e+01    1.1778e-01 5.1532e+00 1.7053e-13
   624 2.1400e-02 2.2708e+01    9.1245e-02 5.3257e+00 1.4211e-13
   576 1.6777e-02 2.2782e+01    7.3702e-02 5.1858e+00 1.7053e-13
   528 1.3018e-02 2.2615e+01    5.7299e-02 5.1379e+00 1.4211e-13
   480 9.8450e-03 2.2467e+01    4.1602e-02 5.3167e+00 1.1369e-13
   432 7.2380e-03 2.2277e+01    3.1487e-02 5.1209e+00 7.1054e-14
   384 4.8790e-03 2.3211e+01    2.1186e-02 5.3453e+00 7.1054e-14
   336 3.3230e-03 2.2831e+01    1.4820e-02 5.1192e+00 5.6843e-14
   288 2.1020e-03 2.2729e+01    9.5830e-03 4.9855e+00 8.5265e-14
   240 3.0270e-03 9.1338e+00    6.0940e-03 4.5369e+00 4.2633e-14
   192 7.4400e-04 1.9027e+01    3.2840e-03 4.3105e+00 3.5527e-14
   144 2.7700e-04 2.1559e+01    1.2350e-03 4.8356e+00 2.8422e-14
    96 8.8000e-05 2.0108e+01    3.3800e-04 5.2351e+00 1.4211e-14
    48 1.6000e-05 1.3824e+01    5.1000e-05 4.3369e+00 7.1054e-15
];

% Maximum difference between reference and your implementation: 1.875833e-12.
