% number of repeats:% 3
% enter first, last, inc:% 48 1488 48 
data = [
%  n          reference      |         current implementation 
%        time       GFLOPS   |    time       GFLOPS     diff 
  1488 2.7766e-01 2.3731e+01    1.2696e+00 5.1900e+00 1.8190e-12
  1440 2.5322e-01 2.3584e+01    1.1816e+00 5.0540e+00 1.8190e-12
  1392 2.3082e-01 2.3371e+01    8.8122e-01 6.1216e+00 1.6485e-12
  1344 2.0546e-01 2.3633e+01    8.4766e-01 5.7280e+00 1.5348e-12
  1296 1.8480e-01 2.3558e+01    6.8408e-01 6.3641e+00 1.3642e-12
  1248 1.6690e-01 2.3292e+01    7.2391e-01 5.3702e+00 1.4211e-12
  1200 1.4675e-01 2.3551e+01    5.3259e-01 6.4890e+00 1.1369e-12
  1152 1.3022e-01 2.3481e+01    5.2521e-01 5.8218e+00 9.6634e-13
  1104 1.1458e-01 2.3488e+01    3.6119e-01 7.4508e+00 6.8212e-13
  1056 1.0182e-01 2.3131e+01    3.5488e-01 6.6366e+00 5.1159e-13
  1008 8.7680e-02 2.3362e+01    2.9442e-01 6.9573e+00 2.2737e-13
   960 7.4669e-02 2.3698e+01    2.1888e-01 8.0841e+00 1.7053e-13
   912 6.4469e-02 2.3532e+01    1.3572e-01 1.1178e+01 1.1369e-13
   864 5.6097e-02 2.2995e+01    1.0083e-01 1.2794e+01 1.1369e-13
   816 4.6415e-02 2.3412e+01    7.9830e-02 1.3612e+01 1.4211e-13
   768 3.8685e-02 2.3419e+01    7.2446e-02 1.2505e+01 1.4211e-13
   720 3.2709e-02 2.2822e+01    5.4094e-02 1.3800e+01 1.1369e-13
   672 2.6546e-02 2.2863e+01    4.3126e-02 1.4073e+01 1.1369e-13
   624 2.1570e-02 2.2529e+01    3.4559e-02 1.4061e+01 1.1369e-13
   576 1.7089e-02 2.2366e+01    2.6925e-02 1.4195e+01 1.7053e-13
   528 1.2864e-02 2.2885e+01    2.0895e-02 1.4089e+01 1.1369e-13
   480 9.9750e-03 2.2174e+01    1.6018e-02 1.3808e+01 1.1369e-13
   432 8.0300e-03 2.0080e+01    1.1306e-02 1.4262e+01 5.6843e-14
   384 4.9320e-03 2.2962e+01    8.1160e-03 1.3953e+01 5.6843e-14
   336 3.2930e-03 2.3039e+01    5.3210e-03 1.4258e+01 5.6843e-14
   288 2.0910e-03 2.2848e+01    3.2530e-03 1.4687e+01 7.1054e-14
   240 1.2110e-03 2.2831e+01    1.7060e-03 1.6206e+01 4.2633e-14
   192 6.2100e-04 2.2795e+01    8.2700e-04 1.7117e+01 2.8422e-14
   144 2.7000e-04 2.2118e+01    3.2600e-04 1.8319e+01 2.8422e-14
    96 8.7000e-05 2.0339e+01    9.7000e-05 1.8242e+01 1.0658e-14
    48 1.6000e-05 1.3824e+01    1.3000e-05 1.7014e+01 5.3291e-15
];

% Maximum difference between reference and your implementation: 1.818989e-12.
