% number of repeats:% 3
% enter first, last, inc:% 48 1488 48 
data = [
%  n          reference      |         current implementation 
%        time       GFLOPS   |    time       GFLOPS     diff 
  1488 2.8060e-01 2.3483e+01    2.9529e+00 2.2315e+00 1.8190e-12
  1440 2.5155e-01 2.3741e+01    2.7722e+00 2.1542e+00 1.8758e-12
  1392 2.3341e-01 2.3111e+01    2.4919e+00 2.1648e+00 1.5916e-12
  1344 2.0549e-01 2.3629e+01    2.2298e+00 2.1775e+00 1.5348e-12
  1296 1.8315e-01 2.3770e+01    1.9802e+00 2.1985e+00 1.3642e-12
  1248 1.6581e-01 2.3446e+01    1.7396e+00 2.2347e+00 1.4211e-12
  1200 1.4970e-01 2.3086e+01    1.5571e+00 2.2195e+00 1.1369e-12
  1152 1.3011e-01 2.3500e+01    1.3817e+00 2.2130e+00 9.6634e-13
  1104 1.1580e-01 2.3239e+01    1.1885e+00 2.2643e+00 6.8212e-13
  1056 1.0101e-01 2.3317e+01    1.0446e+00 2.2547e+00 5.1159e-13
  1008 8.6001e-02 2.3818e+01    9.3405e-01 2.1930e+00 2.2737e-13
   960 7.5461e-02 2.3449e+01    8.2219e-01 2.1522e+00 1.9895e-13
   912 6.4772e-02 2.3422e+01    7.0963e-01 2.1379e+00 1.7053e-13
   864 5.5269e-02 2.3339e+01    6.0530e-01 2.1311e+00 1.9895e-13
   816 4.7239e-02 2.3004e+01    5.1817e-01 2.0972e+00 1.4211e-13
   768 3.9363e-02 2.3016e+01    4.3232e-01 2.0956e+00 1.7053e-13
   720 3.2453e-02 2.3002e+01    3.3661e-01 2.2177e+00 1.4211e-13
   672 2.6292e-02 2.3084e+01    2.8109e-01 2.1592e+00 1.7053e-13
   624 2.1969e-02 2.2119e+01    2.2888e-01 2.1232e+00 1.4211e-13
   576 1.8350e-02 2.0829e+01    1.7331e-01 2.2054e+00 1.7053e-13
   528 1.2826e-02 2.2953e+01    1.3644e-01 2.1577e+00 1.4211e-13
   480 9.8660e-03 2.2419e+01    9.6028e-02 2.3033e+00 1.1369e-13
   432 7.1410e-03 2.2580e+01    7.0331e-02 2.2926e+00 7.1054e-14
   384 4.9470e-03 2.2892e+01    5.2638e-02 2.1514e+00 7.1054e-14
   336 3.5400e-03 2.1431e+01    3.2571e-02 2.3293e+00 5.6843e-14
   288 2.1370e-03 2.2356e+01    2.0955e-02 2.2799e+00 8.5265e-14
   240 1.2080e-03 2.2887e+01    1.3931e-02 1.9846e+00 4.2633e-14
   192 1.2010e-03 1.1787e+01    8.4420e-03 1.6768e+00 3.5527e-14
   144 4.9900e-04 1.1968e+01    3.3800e-03 1.7669e+00 2.8422e-14
    96 1.5800e-04 1.1199e+01    8.2700e-04 2.1396e+00 1.4211e-14
    48 1.6000e-05 1.3824e+01    9.3000e-05 2.3783e+00 7.1054e-15
];

% Maximum difference between reference and your implementation: 1.875833e-12.
