% number of repeats:% 3
% enter first, last, inc:% 48 1488 48 
data = [
%  n          reference      |         current implementation 
%        time       GFLOPS   |    time       GFLOPS     diff 
  1488 2.9158e-01 2.2599e+01    1.4010e+00 4.7032e+00 1.8190e-12
  1440 2.6101e-01 2.2880e+01    1.6358e+00 3.6507e+00 1.8190e-12
  1392 2.4122e-01 2.2364e+01    1.2887e+00 4.1859e+00 1.6485e-12
  1344 2.0646e-01 2.3518e+01    1.2553e+00 3.8679e+00 1.5348e-12
  1296 1.9308e-01 2.2548e+01    9.6990e-01 4.4887e+00 1.3642e-12
  1248 1.6671e-01 2.3320e+01    1.0588e+00 3.6716e+00 1.4211e-12
  1200 1.5130e-01 2.2842e+01    7.4492e-01 4.6394e+00 1.1369e-12
  1152 1.3185e-01 2.3190e+01    7.6762e-01 3.9833e+00 9.6634e-13
  1104 1.1715e-01 2.2971e+01    5.5117e-01 4.8826e+00 6.8212e-13
  1056 1.0242e-01 2.2996e+01    5.1324e-01 4.5889e+00 5.1159e-13
  1008 8.7733e-02 2.3348e+01    3.8833e-01 5.2749e+00 2.2737e-13
   960 7.6233e-02 2.3211e+01    2.3963e-01 7.3841e+00 1.7053e-13
   912 6.6003e-02 2.2985e+01    1.8697e-01 8.1142e+00 1.1369e-13
   864 5.4967e-02 2.3468e+01    1.4097e-01 9.1506e+00 1.1369e-13
   816 4.6410e-02 2.3415e+01    1.1301e-01 9.6158e+00 1.4211e-13
   768 3.9102e-02 2.3169e+01    1.2312e-01 7.3586e+00 1.4211e-13
   720 3.2339e-02 2.3083e+01    7.6397e-02 9.7713e+00 1.1369e-13
   672 2.6373e-02 2.3013e+01    6.1947e-02 9.7976e+00 1.1369e-13
   624 2.1194e-02 2.2928e+01    4.9648e-02 9.7877e+00 1.1369e-13
   576 1.6874e-02 2.2651e+01    3.9094e-02 9.7766e+00 1.7053e-13
   528 1.3071e-02 2.2523e+01    3.0123e-02 9.7731e+00 1.1369e-13
   480 9.9540e-03 2.2221e+01    2.2641e-02 9.7692e+00 1.1369e-13
   432 7.3810e-03 2.1846e+01    1.6724e-02 9.6414e+00 5.6843e-14
   384 5.2610e-03 2.1526e+01    1.2100e-02 9.3592e+00 5.6843e-14
   336 3.5580e-03 2.1323e+01    7.9160e-03 9.5839e+00 5.6843e-14
   288 2.2280e-03 2.1443e+01    4.9550e-03 9.6419e+00 7.1054e-14
   240 1.2280e-03 2.2515e+01    2.8350e-03 9.7524e+00 4.2633e-14
   192 6.2200e-04 2.2758e+01    1.4350e-03 9.8647e+00 2.8422e-14
   144 2.7000e-04 2.2118e+01    5.9000e-04 1.0122e+01 2.8422e-14
    96 8.8000e-05 2.0108e+01    1.7400e-04 1.0169e+01 1.0658e-14
    48 1.6000e-05 1.3824e+01    2.2000e-05 1.0054e+01 5.3291e-15
];

% Maximum difference between reference and your implementation: 1.818989e-12.
