% number of repeats:% 3
% enter first, last, inc:% 48 1488 48 
data = [
%  n          reference      |         current implementation 
%        time       GFLOPS   |    time       GFLOPS     diff 
  1488 2.8492e-01 2.3127e+01    4.8371e+00 1.3622e+00 1.8190e-12
  1440 2.5061e-01 2.3830e+01    4.4474e+00 1.3428e+00 1.8758e-12
  1392 2.2706e-01 2.3758e+01    3.9460e+00 1.3671e+00 1.5916e-12
  1344 2.0372e-01 2.3834e+01    3.5974e+00 1.3497e+00 1.5348e-12
  1296 1.8256e-01 2.3847e+01    3.2245e+00 1.3502e+00 1.3642e-12
  1248 1.6496e-01 2.3566e+01    2.8324e+00 1.3725e+00 1.4211e-12
  1200 1.4690e-01 2.3527e+01    2.5005e+00 1.3821e+00 1.1369e-12
  1152 1.2938e-01 2.3633e+01    2.2050e+00 1.3867e+00 9.6634e-13
  1104 1.1314e-01 2.3786e+01    1.9330e+00 1.3922e+00 6.8212e-13
  1056 1.0173e-01 2.3152e+01    1.7052e+00 1.3812e+00 5.1159e-13
  1008 9.1395e-02 2.2412e+01    1.4677e+00 1.3957e+00 2.2737e-13
   960 7.4603e-02 2.3719e+01    1.2746e+00 1.3882e+00 1.9895e-13
   912 6.5048e-02 2.3323e+01    1.0593e+00 1.4322e+00 1.7053e-13
   864 5.6858e-02 2.2687e+01    8.7176e-01 1.4797e+00 1.9895e-13
   816 4.8585e-02 2.2367e+01    7.3901e-01 1.4704e+00 1.4211e-13
   768 3.9092e-02 2.3175e+01    6.7269e-01 1.3468e+00 1.7053e-13
   720 3.1903e-02 2.3399e+01    5.0065e-01 1.4911e+00 1.4211e-13
   672 2.6259e-02 2.3113e+01    3.9716e-01 1.5282e+00 1.7053e-13
   624 2.1266e-02 2.2851e+01    3.2141e-01 1.5119e+00 1.4211e-13
   576 1.6809e-02 2.2738e+01    2.4077e-01 1.5874e+00 1.7053e-13
   528 1.2956e-02 2.2723e+01    1.9264e-01 1.5282e+00 1.4211e-13
   480 9.7090e-03 2.2781e+01    1.3954e-01 1.5851e+00 1.1369e-13
   432 6.9590e-03 2.3170e+01    9.8860e-02 1.6310e+00 7.1054e-14
   384 4.9350e-03 2.2948e+01    7.1030e-02 1.5943e+00 7.1054e-14
   336 3.4670e-03 2.1882e+01    4.7897e-02 1.5839e+00 5.6843e-14
   288 2.1740e-03 2.1976e+01    3.1393e-02 1.5219e+00 8.5265e-14
   240 1.2250e-03 2.2570e+01    1.8262e-02 1.5140e+00 4.2633e-14
   192 6.2600e-04 2.2613e+01    9.3400e-03 1.5156e+00 3.5527e-14
   144 2.7000e-04 2.2118e+01    3.5580e-03 1.6785e+00 2.8422e-14
    96 8.7000e-05 2.0339e+01    1.0600e-03 1.6693e+00 1.4211e-14
    48 1.6000e-05 1.3824e+01    1.3000e-04 1.7014e+00 7.1054e-15
];

% Maximum difference between reference and your implementation: 1.875833e-12.
