% number of repeats:% 3
% enter first, last, inc:% 48 1488 48 
data = [
%  n          reference      |         current implementation 
%        time       GFLOPS   |    time       GFLOPS     diff 
  1488 2.9897e-01 2.2040e+01    7.0103e-01 9.3994e+00 1.8190e-12
  1440 2.5209e-01 2.3690e+01    7.0570e-01 8.4625e+00 1.8190e-12
  1392 2.2707e-01 2.3757e+01    5.5115e-01 9.7877e+00 1.6485e-12
  1344 2.0512e-01 2.3672e+01    5.3954e-01 8.9993e+00 1.5348e-12
  1296 1.8698e-01 2.3284e+01    4.2624e-01 1.0214e+01 1.3642e-12
  1248 1.6621e-01 2.3389e+01    4.2945e-01 9.0522e+00 1.4211e-12
  1200 1.4728e-01 2.3465e+01    3.4151e-01 1.0120e+01 1.1369e-12
  1152 1.4752e-01 2.0727e+01    3.0762e-01 9.9397e+00 9.6634e-13
  1104 1.1486e-01 2.3429e+01    2.5370e-01 1.0608e+01 6.8212e-13
  1056 1.0033e-01 2.3473e+01    2.0205e-01 1.1656e+01 5.1159e-13
  1008 8.8358e-02 2.3183e+01    4.2338e-01 4.8382e+00 2.2737e-13
   960 7.6101e-02 2.3252e+01    2.4571e-01 7.2016e+00 1.7053e-13
   912 6.5648e-02 2.3110e+01    9.0008e-02 1.6855e+01 1.1369e-13
   864 5.5691e-02 2.3163e+01    7.5168e-02 1.7161e+01 1.1369e-13
   816 4.6651e-02 2.3294e+01    5.7373e-02 1.8941e+01 1.4211e-13
   768 3.9291e-02 2.3058e+01    4.7827e-02 1.8943e+01 1.4211e-13
   720 3.2364e-02 2.3066e+01    3.7228e-02 2.0052e+01 1.1369e-13
   672 2.6448e-02 2.2948e+01    3.4147e-02 1.7774e+01 1.1369e-13
   624 2.1347e-02 2.2764e+01    2.4316e-02 1.9984e+01 1.1369e-13
   576 1.7102e-02 2.2349e+01    1.9044e-02 2.0070e+01 1.7053e-13
   528 1.2947e-02 2.2739e+01    1.4868e-02 1.9801e+01 1.1369e-13
   480 9.8990e-03 2.2344e+01    1.0982e-02 2.0141e+01 1.1369e-13
   432 6.9940e-03 2.3054e+01    8.0050e-03 2.0143e+01 5.6843e-14
   384 4.9250e-03 2.2994e+01    5.6520e-03 2.0036e+01 5.6843e-14
   336 3.2790e-03 2.3137e+01    3.7490e-03 2.0236e+01 5.6843e-14
   288 2.0890e-03 2.2870e+01    2.3190e-03 2.0602e+01 7.1054e-14
   240 1.2010e-03 2.3021e+01    1.2940e-03 2.1366e+01 4.2633e-14
   192 6.2500e-04 2.2649e+01    6.3200e-04 2.2398e+01 2.8422e-14
   144 2.7000e-04 2.2118e+01    2.4700e-04 2.4178e+01 2.8422e-14
    96 8.8000e-05 2.0108e+01    7.4000e-05 2.3912e+01 1.0658e-14
    48 1.6000e-05 1.3824e+01    9.0000e-06 2.4576e+01 5.3291e-15
];

% Maximum difference between reference and your implementation: 1.818989e-12.
