% number of repeats:% 3
% enter first, last, inc:% 48 1488 48 
data = [
%  n          reference      |         current implementation 
%        time       GFLOPS   |    time       GFLOPS     diff 
  1488 2.7665e-01 2.3818e+01    2.0160e+00 3.2685e+00 1.8190e-12
  1440 2.5637e-01 2.3294e+01    1.8239e+00 3.2744e+00 1.8758e-12
  1392 2.2631e-01 2.3836e+01    1.6345e+00 3.3004e+00 1.5916e-12
  1344 2.0748e-01 2.3402e+01    1.5044e+00 3.2276e+00 1.5348e-12
  1296 1.8395e-01 2.3667e+01    1.3167e+00 3.3065e+00 1.3642e-12
  1248 1.6393e-01 2.3715e+01    1.1674e+00 3.3302e+00 1.4211e-12
  1200 1.4659e-01 2.3577e+01    1.0276e+00 3.3632e+00 1.1369e-12
  1152 1.3082e-01 2.3373e+01    9.8383e-01 3.1079e+00 9.6634e-13
  1104 1.1415e-01 2.3576e+01    8.0081e-01 3.3605e+00 6.8212e-13
  1056 1.0235e-01 2.3010e+01    7.0426e-01 3.3442e+00 5.1159e-13
  1008 8.6132e-02 2.3782e+01    5.9964e-01 3.4160e+00 2.2737e-13
   960 7.4302e-02 2.3815e+01    5.2204e-01 3.3895e+00 1.9895e-13
   912 6.3954e-02 2.3722e+01    4.4441e-01 3.4137e+00 1.7053e-13
   864 5.4675e-02 2.3593e+01    3.7484e-01 3.4413e+00 1.9895e-13
   816 4.6115e-02 2.3565e+01    3.1834e-01 3.4136e+00 1.4211e-13
   768 3.8953e-02 2.3258e+01    2.9850e-01 3.0351e+00 1.7053e-13
   720 3.2103e-02 2.3253e+01    2.1743e-01 3.4333e+00 1.4211e-13
   672 2.6356e-02 2.3028e+01    1.7551e-01 3.4580e+00 1.7053e-13
   624 2.1148e-02 2.2978e+01    1.4184e-01 3.4259e+00 1.4211e-13
   576 1.6626e-02 2.2988e+01    1.1172e-01 3.4211e+00 1.7053e-13
   528 1.3193e-02 2.2315e+01    8.5212e-02 3.4549e+00 1.4211e-13
   480 9.6680e-03 2.2878e+01    6.2863e-02 3.5185e+00 1.1369e-13
   432 7.0960e-03 2.2723e+01    4.6256e-02 3.4859e+00 7.1054e-14
   384 4.8250e-03 2.3471e+01    3.4418e-02 3.2903e+00 7.1054e-14
   336 3.4140e-03 2.2222e+01    2.1914e-02 3.4620e+00 5.6843e-14
   288 2.0590e-03 2.3203e+01    1.3548e-02 3.5264e+00 8.5265e-14
   240 1.1970e-03 2.3098e+01    8.0130e-03 3.4504e+00 4.2633e-14
   192 6.2300e-04 2.2722e+01    4.0460e-03 3.4987e+00 3.5527e-14
   144 2.7000e-04 2.2118e+01    1.7590e-03 3.3951e+00 2.8422e-14
    96 8.7000e-05 2.0339e+01    4.9500e-04 3.5747e+00 1.4211e-14
    48 1.7000e-05 1.3011e+01    7.1000e-05 3.1153e+00 7.1054e-15
];

% Maximum difference between reference and your implementation: 1.875833e-12.
