% number of repeats:% 3
% enter first, last, inc:% 48 480 48 
data = [
%  n          reference      |         current implementation 
%        time       GFLOPS   |    time       GFLOPS     diff 
   480 1.0262e-02 2.1554e+01    1.5637e-01 1.4145e+00 1.1369e-13
   432 7.5390e-03 2.1388e+01    1.0987e-01 1.4675e+00 7.1054e-14
   384 5.4650e-03 2.0722e+01    6.8529e-02 1.6525e+00 7.1054e-14
   336 3.6510e-03 2.0780e+01    5.5756e-02 1.3607e+00 7.1054e-14
   288 2.3950e-03 1.9948e+01    2.8581e-02 1.6716e+00 5.6843e-14
   240 1.3320e-03 2.0757e+01    1.7544e-02 1.5759e+00 4.2633e-14
   192 6.1900e-04 2.2869e+01    8.1950e-03 1.7274e+00 2.8422e-14
   144 2.7000e-04 2.2118e+01    3.4610e-03 1.7255e+00 2.8422e-14
    96 8.7000e-05 2.0339e+01    1.0370e-03 1.7063e+00 1.4211e-14
    48 1.6000e-05 1.3824e+01    1.2500e-04 1.7695e+00 7.1054e-15
];

% Maximum difference between reference and your implementation: 1.136868e-13.
