% number of repeats:% 3
% enter first, last, inc:% 48 1488 48 
data = [
%  n          reference      |         current implementation 
%        time       GFLOPS   |    time       GFLOPS     diff 
  1488 2.7856e-01 2.3655e+01    2.6562e+00 2.4807e+00 1.8190e-12
  1440 2.5238e-01 2.3662e+01    2.1780e+00 2.7420e+00 1.8190e-12
  1392 2.2910e-01 2.3547e+01    1.6097e+00 3.3513e+00 1.6485e-12
  1344 2.0445e-01 2.3748e+01    1.6079e+00 3.0197e+00 1.5348e-12
  1296 1.8434e-01 2.3617e+01    1.2857e+00 3.3861e+00 1.3642e-12
  1248 1.6500e-01 2.3561e+01    1.3301e+00 2.9227e+00 1.4211e-12
  1200 1.4588e-01 2.3691e+01    9.9122e-01 3.4866e+00 1.1369e-12
  1152 1.3009e-01 2.3504e+01    9.8326e-01 3.1097e+00 9.6634e-13
  1104 1.1645e-01 2.3110e+01    6.3082e-01 4.2661e+00 6.8212e-13
  1056 1.0106e-01 2.3304e+01    4.7686e-01 4.9389e+00 5.1159e-13
  1008 8.6950e-02 2.3558e+01    3.4140e-01 5.9999e+00 2.2737e-13
   960 7.4971e-02 2.3602e+01    3.5094e-01 5.0420e+00 1.7053e-13
   912 6.4509e-02 2.3518e+01    1.7539e-01 8.6501e+00 1.1369e-13
   864 5.6234e-02 2.2939e+01    1.5294e-01 8.4341e+00 1.1369e-13
   816 4.7101e-02 2.3071e+01    1.1836e-01 9.1814e+00 1.4211e-13
   768 3.9906e-02 2.2703e+01    1.2069e-01 7.5066e+00 1.4211e-13
   720 3.1987e-02 2.3337e+01    8.0573e-02 9.2648e+00 1.1369e-13
   672 2.6050e-02 2.3299e+01    6.5742e-02 9.2320e+00 1.1369e-13
   624 2.1923e-02 2.2166e+01    5.2516e-02 9.2532e+00 1.1369e-13
   576 1.6579e-02 2.3054e+01    4.1779e-02 9.1483e+00 1.7053e-13
   528 1.2687e-02 2.3205e+01    3.1805e-02 9.2563e+00 1.1369e-13
   480 9.8890e-03 2.2367e+01    2.3784e-02 9.2997e+00 1.1369e-13
   432 7.1930e-03 2.2417e+01    1.7162e-02 9.3954e+00 5.6843e-14
   384 4.9640e-03 2.2813e+01    1.1993e-02 9.4427e+00 5.6843e-14
   336 3.2380e-03 2.3430e+01    7.7690e-03 9.7652e+00 5.6843e-14
   288 2.0510e-03 2.3294e+01    4.7840e-03 9.9866e+00 7.1054e-14
   240 1.2020e-03 2.3002e+01    2.7140e-03 1.0187e+01 4.2633e-14
   192 6.2200e-04 2.2758e+01    1.3880e-03 1.0199e+01 2.8422e-14
   144 2.7000e-04 2.2118e+01    5.6200e-04 1.0626e+01 2.8422e-14
    96 8.8000e-05 2.0108e+01    1.6400e-04 1.0789e+01 1.0658e-14
    48 1.6000e-05 1.3824e+01    1.9000e-05 1.1641e+01 5.3291e-15
];

% Maximum difference between reference and your implementation: 1.818989e-12.
