% number of repeats:% 3
% enter first, last, inc:% 48 1488 48 
data = [
%  n          reference      |         current implementation 
%        time       GFLOPS   |    time       GFLOPS     diff 
  1488 2.8705e-01 2.2956e+01    6.4252e-01 1.0255e+01 1.8190e-12
  1440 2.5550e-01 2.3374e+01    6.7713e-01 8.8195e+00 1.8190e-12
  1392 2.3033e-01 2.3420e+01    5.3705e-01 1.0045e+01 1.6485e-12
  1344 2.1723e-01 2.2352e+01    5.5346e-01 8.7729e+00 1.5348e-12
  1296 1.8543e-01 2.3478e+01    4.1042e-01 1.0608e+01 1.3642e-12
  1248 1.6755e-01 2.3202e+01    4.0994e-01 9.4833e+00 1.4211e-12
  1200 1.4961e-01 2.3100e+01    3.2901e-01 1.0504e+01 1.1369e-12
  1152 1.3298e-01 2.2993e+01    3.4509e-01 8.8604e+00 9.6634e-13
  1104 1.1670e-01 2.3060e+01    2.4199e-01 1.1121e+01 6.8212e-13
  1056 1.0197e-01 2.3096e+01    2.1694e-01 1.0856e+01 5.1159e-13
  1008 8.7399e-02 2.3437e+01    2.7653e-01 7.4074e+00 2.2737e-13
   960 7.6219e-02 2.3216e+01    2.6827e-01 6.5957e+00 1.7053e-13
   912 6.4857e-02 2.3391e+01    2.2955e-01 6.6091e+00 1.1369e-13
   864 5.5207e-02 2.3366e+01    1.3406e-01 9.6219e+00 1.1369e-13
   816 4.6809e-02 2.3215e+01    1.0173e-01 1.0681e+01 1.4211e-13
   768 3.8958e-02 2.3255e+01    6.9655e-02 1.3007e+01 1.4211e-13
   720 3.2912e-02 2.2682e+01    7.7042e-02 9.6895e+00 1.1369e-13
   672 2.6957e-02 2.2515e+01    3.8495e-02 1.5766e+01 1.1369e-13
   624 2.1988e-02 2.2100e+01    2.8651e-02 1.6961e+01 1.1369e-13
   576 1.7035e-02 2.2437e+01    2.1661e-02 1.7645e+01 1.7053e-13
   528 1.3027e-02 2.2599e+01    1.6041e-02 1.8353e+01 1.1369e-13
   480 1.0082e-02 2.1939e+01    1.1721e-02 1.8871e+01 1.1369e-13
   432 7.4200e-03 2.1731e+01    8.6740e-03 1.8589e+01 5.6843e-14
   384 5.1980e-03 2.1786e+01    6.2600e-03 1.8090e+01 5.6843e-14
   336 3.4800e-03 2.1801e+01    3.9650e-03 1.9134e+01 5.6843e-14
   288 2.1400e-03 2.2325e+01    2.5700e-03 1.8590e+01 7.1054e-14
   240 1.2990e-03 2.1284e+01    1.4260e-03 1.9388e+01 4.2633e-14
   192 6.2200e-04 2.2758e+01    7.1500e-04 1.9798e+01 2.8422e-14
   144 2.6900e-04 2.2201e+01    2.9700e-04 2.0108e+01 2.8422e-14
    96 8.7000e-05 2.0339e+01    9.0000e-05 1.9661e+01 1.0658e-14
    48 1.6000e-05 1.3824e+01    1.2000e-05 1.8432e+01 5.3291e-15
];

% Maximum difference between reference and your implementation: 1.818989e-12.
