% number of repeats:% 3
% enter first, last, inc:% 48 1488 48 
data = [
%  n          reference      |         current implementation 
%        time       GFLOPS   |    time       GFLOPS     diff 
  1488 2.8537e-01 2.3090e+01    8.6641e-01 7.6052e+00 1.8190e-12
  1440 2.6256e-01 2.2746e+01    7.5445e-01 7.9156e+00 1.8190e-12
  1392 2.3519e-01 2.2937e+01    6.8944e-01 7.8244e+00 1.6485e-12
  1344 2.1198e-01 2.2905e+01    6.2260e-01 7.7987e+00 1.5348e-12
  1296 1.8812e-01 2.3142e+01    5.5679e-01 7.8190e+00 1.3642e-12
  1248 1.7292e-01 2.2482e+01    4.7078e-01 8.2577e+00 1.4211e-12
  1200 1.4998e-01 2.3042e+01    4.0868e-01 8.4565e+00 1.1369e-12
  1152 1.3282e-01 2.3022e+01    3.7194e-01 8.2207e+00 9.6634e-13
  1104 1.1857e-01 2.2697e+01    3.0345e-01 8.8686e+00 6.8212e-13
  1056 1.0334e-01 2.2792e+01    2.4435e-01 9.6387e+00 5.1159e-13
  1008 8.9056e-02 2.3001e+01    2.2118e-01 9.2612e+00 2.2737e-13
   960 7.6779e-02 2.3046e+01    1.5920e-01 1.1115e+01 1.7053e-13
   912 6.7097e-02 2.2611e+01    8.6211e-02 1.7598e+01 1.1369e-13
   864 5.5626e-02 2.3190e+01    8.0023e-02 1.6120e+01 1.1369e-13
   816 4.7891e-02 2.2691e+01    4.9126e-02 2.2120e+01 1.4211e-13
   768 4.0015e-02 2.2641e+01    4.1306e-02 2.1933e+01 1.4211e-13
   720 3.3146e-02 2.2521e+01    3.2541e-02 2.2940e+01 1.1369e-13
   672 2.7134e-02 2.2368e+01    2.6329e-02 2.3052e+01 1.1369e-13
   624 2.1679e-02 2.2415e+01    2.1067e-02 2.3066e+01 1.1369e-13
   576 1.7133e-02 2.2308e+01    1.6077e-02 2.3773e+01 1.7053e-13
   528 1.3085e-02 2.2499e+01    1.2836e-02 2.2935e+01 1.1369e-13
   480 1.0201e-02 2.1683e+01    9.2700e-03 2.3860e+01 1.1369e-13
   432 7.2960e-03 2.2100e+01    6.9180e-03 2.3308e+01 5.6843e-14
   384 5.1010e-03 2.2201e+01    4.8520e-03 2.3340e+01 5.6843e-14
   336 3.3770e-03 2.2466e+01    3.1560e-03 2.4039e+01 5.6843e-14
   288 2.1210e-03 2.2525e+01    1.9850e-03 2.4068e+01 7.1054e-14
   240 1.1950e-03 2.3136e+01    1.1490e-03 2.4063e+01 4.2633e-14
   192 6.1900e-04 2.2869e+01    5.7800e-04 2.4491e+01 2.8422e-14
   144 2.6900e-04 2.2201e+01    2.4500e-04 2.4375e+01 2.8422e-14
    96 8.8000e-05 2.0108e+01    7.3000e-05 2.4239e+01 1.0658e-14
    48 1.6000e-05 1.3824e+01    1.0000e-05 2.2118e+01 5.3291e-15
];

% Maximum difference between reference and your implementation: 1.818989e-12.
