% number of repeats:% 3
% enter first, last, inc:% 48 1488 48 
data = [
%  n          reference      |         current implementation 
%        time       GFLOPS   |    time       GFLOPS     diff 
  1488 2.8347e-01 2.3245e+01    1.3505e+00 4.8792e+00 1.8190e-12
  1440 2.5248e-01 2.3653e+01    1.2244e+00 4.8776e+00 1.8758e-12
  1392 2.2834e-01 2.3625e+01    1.0964e+00 4.9202e+00 1.5916e-12
  1344 2.0468e-01 2.3722e+01    9.9370e-01 4.8862e+00 1.5348e-12
  1296 1.8367e-01 2.3703e+01    8.7303e-01 4.9868e+00 1.3642e-12
  1248 1.6843e-01 2.3080e+01    7.9297e-01 4.9025e+00 1.4211e-12
  1200 1.4824e-01 2.3313e+01    6.9601e-01 4.9655e+00 1.1369e-12
  1152 1.3030e-01 2.3467e+01    6.2336e-01 4.9051e+00 9.6634e-13
  1104 1.1576e-01 2.3247e+01    5.4785e-01 4.9121e+00 6.8212e-13
  1056 1.0187e-01 2.3118e+01    4.7846e-01 4.9224e+00 5.1159e-13
  1008 8.8983e-02 2.3020e+01    4.1928e-01 4.8855e+00 2.2737e-13
   960 7.4708e-02 2.3685e+01    3.5968e-01 4.9195e+00 1.9895e-13
   912 6.5462e-02 2.3175e+01    3.2391e-01 4.6838e+00 1.7053e-13
   864 5.5165e-02 2.3383e+01    2.6280e-01 4.9085e+00 1.9895e-13
   816 4.7023e-02 2.3109e+01    2.2086e-01 4.9203e+00 1.4211e-13
   768 3.8894e-02 2.3293e+01    1.8565e-01 4.8800e+00 1.7053e-13
   720 3.2386e-02 2.3050e+01    1.5348e-01 4.8639e+00 1.4211e-13
   672 2.6338e-02 2.3044e+01    1.2278e-01 4.9432e+00 1.7053e-13
   624 2.1345e-02 2.2766e+01    9.9707e-02 4.8737e+00 1.4211e-13
   576 1.6581e-02 2.3051e+01    7.6719e-02 4.9819e+00 1.7053e-13
   528 1.2991e-02 2.2662e+01    6.0965e-02 4.8289e+00 1.4211e-13
   480 1.0138e-02 2.1817e+01    4.5313e-02 4.8812e+00 1.1369e-13
   432 7.2820e-03 2.2143e+01    3.2591e-02 4.9475e+00 7.1054e-14
   384 4.8660e-03 2.3273e+01    2.2105e-02 5.1231e+00 7.1054e-14
   336 3.3760e-03 2.2472e+01    1.5564e-02 4.8745e+00 5.6843e-14
   288 2.1320e-03 2.2409e+01    9.2640e-03 5.1571e+00 8.5265e-14
   240 1.2170e-03 2.2718e+01    5.7610e-03 4.7992e+00 4.2633e-14
   192 6.2000e-04 2.2832e+01    2.7240e-03 5.1967e+00 3.5527e-14
   144 2.6900e-04 2.2201e+01    1.2650e-03 4.7209e+00 2.8422e-14
    96 8.8000e-05 2.0108e+01    3.3600e-04 5.2663e+00 1.4211e-14
    48 1.6000e-05 1.3824e+01    5.1000e-05 4.3369e+00 7.1054e-15
];

% Maximum difference between reference and your implementation: 1.875833e-12.
