% number of repeats:% 3
% enter first, last, inc:% 48 1488 48 
data = [
%  n          reference      |         current implementation 
%        time       GFLOPS   |    time       GFLOPS     diff 
  1488 2.8201e-01 2.3365e+01    4.1503e-01 1.5877e+01 1.8190e-12
  1440 2.5088e-01 2.3804e+01    3.8179e-01 1.5642e+01 1.8190e-12
  1392 2.2972e-01 2.3483e+01    3.4190e-01 1.5778e+01 1.6485e-12
  1344 2.0551e-01 2.3626e+01    3.2367e-01 1.5001e+01 1.5348e-12
  1296 1.8246e-01 2.3860e+01    2.7457e-01 1.5856e+01 1.3642e-12
  1248 1.6796e-01 2.3146e+01    2.5246e-01 1.5399e+01 1.4211e-12
  1200 1.4792e-01 2.3363e+01    2.1707e-01 1.5921e+01 1.1369e-12
  1152 1.3243e-01 2.3089e+01    2.0386e-01 1.4999e+01 9.6634e-13
  1104 1.1303e-01 2.3808e+01    1.7046e-01 1.5788e+01 6.8212e-13
  1056 1.0245e-01 2.2989e+01    1.5453e-01 1.5241e+01 5.1159e-13
  1008 8.7800e-02 2.3330e+01    1.3156e-01 1.5570e+01 2.2737e-13
   960 7.5661e-02 2.3387e+01    1.1874e-01 1.4902e+01 1.7053e-13
   912 6.4508e-02 2.3518e+01    9.7004e-02 1.5640e+01 1.1369e-13
   864 5.4864e-02 2.3512e+01    8.3261e-02 1.5493e+01 1.1369e-13
   816 4.6556e-02 2.3341e+01    6.7926e-02 1.5998e+01 1.4211e-13
   768 3.8503e-02 2.3530e+01    6.0166e-02 1.5058e+01 1.4211e-13
   720 3.2418e-02 2.3027e+01    4.7401e-02 1.5749e+01 1.1369e-13
   672 2.6027e-02 2.3319e+01    3.8878e-02 1.5611e+01 1.1369e-13
   624 2.1109e-02 2.3021e+01    3.0700e-02 1.5829e+01 1.1369e-13
   576 1.6631e-02 2.2981e+01    2.5402e-02 1.5046e+01 1.7053e-13
   528 1.3035e-02 2.2585e+01    1.8317e-02 1.6073e+01 1.1369e-13
   480 9.7429e-03 2.2702e+01    1.4123e-02 1.5661e+01 1.1369e-13
   432 7.1653e-03 2.2503e+01    1.0008e-02 1.6112e+01 5.6843e-14
   384 5.0454e-03 2.2445e+01    7.3266e-03 1.5457e+01 5.6843e-14
   336 3.3370e-03 2.2735e+01    4.6433e-03 1.6339e+01 5.6843e-14
   288 2.0776e-03 2.2996e+01    2.8950e-03 1.6503e+01 7.1054e-14
   240 1.2520e-03 2.2083e+01    1.6100e-03 1.7173e+01 4.2633e-14
   192 6.3320e-04 2.2356e+01    8.3730e-04 1.6906e+01 2.8422e-14
   144 2.7060e-04 2.2069e+01    3.4390e-04 1.7365e+01 2.8422e-14
    96 8.8300e-05 2.0039e+01    1.0020e-04 1.7659e+01 1.0658e-14
    48 1.6900e-05 1.3088e+01    1.3400e-05 1.6506e+01 5.3291e-15
];

% Maximum difference between reference and your implementation: 1.818989e-12.
