% number of repeats:% 3
% enter first, last, inc:% 48 1488 48 
data = [
%  n          reference      |         current implementation 
%        time       GFLOPS   |    time       GFLOPS     diff 
  1488 2.7657e-01 2.3825e+01    3.4357e-01 1.9179e+01 1.8190e-12
  1440 2.5193e-01 2.3705e+01    2.9274e-01 2.0400e+01 1.8190e-12
  1392 2.2577e-01 2.3894e+01    2.7656e-01 1.9505e+01 1.6485e-12
  1344 2.0350e-01 2.3860e+01    2.5197e-01 1.9270e+01 1.5348e-12
  1296 1.8363e-01 2.3709e+01    2.1281e-01 2.0457e+01 1.3642e-12
  1248 1.6389e-01 2.3720e+01    1.8780e-01 2.0701e+01 1.4211e-12
  1200 1.4539e-01 2.3770e+01    1.6695e-01 2.0700e+01 1.1369e-12
  1152 1.2855e-01 2.3786e+01    1.5374e-01 1.9889e+01 9.6634e-13
  1104 1.1370e-01 2.3670e+01    1.2915e-01 2.0838e+01 6.8212e-13
  1056 9.9802e-02 2.3598e+01    1.1575e-01 2.0347e+01 5.1159e-13
  1008 8.6143e-02 2.3779e+01    9.2433e-02 2.2161e+01 2.2737e-13
   960 7.4530e-02 2.3742e+01    7.9292e-02 2.2316e+01 1.7053e-13
   912 6.4185e-02 2.3636e+01    6.8200e-02 2.2245e+01 1.1369e-13
   864 5.4977e-02 2.3463e+01    5.7616e-02 2.2389e+01 1.1369e-13
   816 4.6270e-02 2.3486e+01    4.9196e-02 2.2089e+01 1.4211e-13
   768 3.8745e-02 2.3383e+01    4.0641e-02 2.2292e+01 1.4211e-13
   720 3.2237e-02 2.3156e+01    3.3017e-02 2.2609e+01 1.1369e-13
   672 2.6362e-02 2.3023e+01    2.6777e-02 2.2666e+01 1.1369e-13
   624 2.1319e-02 2.2793e+01    2.1709e-02 2.2384e+01 1.1369e-13
   576 1.6714e-02 2.2867e+01    1.6744e-02 2.2827e+01 1.7053e-13
   528 1.2916e-02 2.2794e+01    1.3059e-02 2.2544e+01 1.1369e-13
   480 9.7365e-03 2.2717e+01    9.6493e-03 2.2922e+01 1.1369e-13
   432 7.1853e-03 2.2441e+01    7.1556e-03 2.2534e+01 5.6843e-14
   384 5.2285e-03 2.1659e+01    5.0461e-03 2.2442e+01 5.6843e-14
   336 3.4054e-03 2.2278e+01    3.3083e-03 2.2932e+01 5.6843e-14
   288 2.2271e-03 2.1452e+01    2.0255e-03 2.3587e+01 7.1054e-14
   240 1.2961e-03 2.1332e+01    1.1957e-03 2.3123e+01 4.2633e-14
   192 6.2460e-04 2.2664e+01    5.9870e-04 2.3644e+01 2.8422e-14
   144 2.7280e-04 2.1891e+01    2.5530e-04 2.3392e+01 2.8422e-14
    96 8.8100e-05 2.0085e+01    7.4100e-05 2.3880e+01 1.0658e-14
    48 1.6700e-05 1.3245e+01    1.0100e-05 2.1899e+01 5.3291e-15
];

% Maximum difference between reference and your implementation: 1.818989e-12.
