% number of repeats:% 3
% enter first, last, inc:% 48 1488 48 
data = [
%  n          reference      |         current implementation 
%        time       GFLOPS   |    time       GFLOPS     diff 
  1488 2.8313e-01 2.3273e+01    3.3839e-01 1.9472e+01 1.8190e-12
  1440 2.5354e-01 2.3554e+01    3.0189e-01 1.9782e+01 1.8190e-12
  1392 2.2943e-01 2.3512e+01    2.8052e-01 1.9230e+01 1.6485e-12
  1344 2.0829e-01 2.3311e+01    2.4841e-01 1.9546e+01 1.5348e-12
  1296 1.8202e-01 2.3918e+01    2.2523e-01 1.9330e+01 1.3642e-12
  1248 1.6772e-01 2.3179e+01    1.9582e-01 1.9853e+01 1.4211e-12
  1200 1.4589e-01 2.3690e+01    1.7711e-01 1.9513e+01 1.1369e-12
  1152 1.2835e-01 2.3822e+01    1.5509e-01 1.9715e+01 9.6634e-13
  1104 1.1315e-01 2.3784e+01    1.3795e-01 1.9508e+01 6.8212e-13
  1056 1.0143e-01 2.3219e+01    1.1879e-01 1.9826e+01 5.1159e-13
  1008 8.5735e-02 2.3892e+01    9.9081e-02 2.0674e+01 2.2737e-13
   960 7.5247e-02 2.3515e+01    8.5380e-02 2.0725e+01 1.7053e-13
   912 6.4232e-02 2.3619e+01    7.2688e-02 2.0871e+01 1.1369e-13
   864 5.4522e-02 2.3659e+01    6.0667e-02 2.1263e+01 1.1369e-13
   816 4.5986e-02 2.3631e+01    5.0549e-02 2.1497e+01 1.4211e-13
   768 3.8449e-02 2.3563e+01    4.2053e-02 2.1543e+01 1.4211e-13
   720 3.2567e-02 2.2922e+01    3.5295e-02 2.1150e+01 1.1369e-13
   672 2.6431e-02 2.2963e+01    2.8902e-02 2.1000e+01 1.1369e-13
   624 2.1105e-02 2.3025e+01    2.2912e-02 2.1209e+01 1.1369e-13
   576 1.6648e-02 2.2958e+01    1.7282e-02 2.2116e+01 1.7053e-13
   528 1.2791e-02 2.3016e+01    1.3008e-02 2.2632e+01 1.1369e-13
   480 9.7145e-03 2.2768e+01    9.9633e-03 2.2200e+01 1.1369e-13
   432 7.1528e-03 2.2543e+01    6.8862e-03 2.3415e+01 5.6843e-14
   384 4.8224e-03 2.3483e+01    4.8303e-03 2.3445e+01 5.6843e-14
   336 3.2226e-03 2.3542e+01    3.2366e-03 2.3440e+01 5.6843e-14
   288 2.0366e-03 2.3459e+01    2.0123e-03 2.3742e+01 7.1054e-14
   240 1.1895e-03 2.3243e+01    1.1707e-03 2.3617e+01 4.2633e-14
   192 6.2280e-04 2.2729e+01    5.9490e-04 2.3795e+01 2.8422e-14
   144 2.7040e-04 2.2086e+01    2.5480e-04 2.3438e+01 2.8422e-14
    96 8.7900e-05 2.0131e+01    7.4200e-05 2.3847e+01 1.0658e-14
    48 1.6500e-05 1.3405e+01    1.0100e-05 2.1899e+01 5.3291e-15
];

% Maximum difference between reference and your implementation: 1.818989e-12.
