% number of repeats:% 3
% enter first, last, inc:% 48 1488 48 
data = [
%  n          reference      |         current implementation 
%        time       GFLOPS   |    time       GFLOPS     diff 
  1488 2.8332e-01 2.3257e+01    3.2935e-01 2.0007e+01 1.8190e-12
  1440 2.5332e-01 2.3574e+01    2.9413e-01 2.0304e+01 1.8190e-12
  1392 2.2996e-01 2.3459e+01    2.6376e-01 2.0452e+01 1.6485e-12
  1344 2.0330e-01 2.3883e+01    2.4132e-01 2.0121e+01 1.5348e-12
  1296 1.8393e-01 2.3670e+01    2.1324e-01 2.0416e+01 1.3642e-12
  1248 1.6722e-01 2.3248e+01    1.9033e-01 2.0426e+01 1.4211e-12
  1200 1.4836e-01 2.3294e+01    1.6834e-01 2.0529e+01 1.1369e-12
  1152 1.3163e-01 2.3229e+01    1.5412e-01 1.9839e+01 9.6634e-13
  1104 1.1640e-01 2.3120e+01    1.3029e-01 2.0654e+01 6.8212e-13
  1056 1.0299e-01 2.2868e+01    1.1488e-01 2.0502e+01 5.1159e-13
  1008 8.8601e-02 2.3119e+01    9.3212e-02 2.1976e+01 2.2737e-13
   960 7.4781e-02 2.3662e+01    8.2482e-02 2.1453e+01 1.7053e-13
   912 6.4371e-02 2.3568e+01    6.9508e-02 2.1826e+01 1.1369e-13
   864 5.5358e-02 2.3302e+01    5.9171e-02 2.1800e+01 1.1369e-13
   816 4.6922e-02 2.3159e+01    4.9705e-02 2.1863e+01 1.4211e-13
   768 3.8715e-02 2.3401e+01    4.1167e-02 2.2007e+01 1.4211e-13
   720 3.1776e-02 2.3492e+01    3.3833e-02 2.2064e+01 1.1369e-13
   672 2.6269e-02 2.3104e+01    2.7272e-02 2.2255e+01 1.1369e-13
   624 2.1041e-02 2.3095e+01    2.1667e-02 2.2427e+01 1.1369e-13
   576 1.7039e-02 2.2432e+01    1.7288e-02 2.2108e+01 1.7053e-13
   528 1.3170e-02 2.2353e+01    1.3008e-02 2.2631e+01 1.1369e-13
   480 9.8656e-03 2.2420e+01    9.9132e-03 2.2312e+01 1.1369e-13
   432 7.1444e-03 2.2569e+01    7.1232e-03 2.2636e+01 5.6843e-14
   384 5.1064e-03 2.2177e+01    4.9845e-03 2.2720e+01 5.6843e-14
   336 3.4162e-03 2.2208e+01    3.2991e-03 2.2996e+01 5.6843e-14
   288 2.1228e-03 2.2506e+01    2.0142e-03 2.3719e+01 7.1054e-14
   240 1.2106e-03 2.2838e+01    1.1885e-03 2.3263e+01 4.2633e-14
   192 6.3570e-04 2.2268e+01    5.9680e-04 2.3719e+01 2.8422e-14
   144 2.7010e-04 2.2110e+01    2.5460e-04 2.3456e+01 2.8422e-14
    96 8.7500e-05 2.0223e+01    7.4200e-05 2.3847e+01 1.0658e-14
    48 1.6600e-05 1.3324e+01    1.0000e-05 2.2118e+01 5.3291e-15
];

% Maximum difference between reference and your implementation: 1.818989e-12.
