% number of repeats:% 3
% enter first, last, inc:% 48 1488 48 
data = [
%  n          reference      |         current implementation 
%        time       GFLOPS   |    time       GFLOPS     diff 
  1488 2.8920e-01 2.2785e+01    3.3709e-01 1.9547e+01 1.8190e-12
  1440 2.6000e-01 2.2969e+01    3.0202e-01 1.9773e+01 1.8190e-12
  1392 2.3306e-01 2.3146e+01    2.7958e-01 1.9295e+01 1.6485e-12
  1344 2.1079e-01 2.3034e+01    2.4755e-01 1.9614e+01 1.5348e-12
  1296 1.8941e-01 2.2985e+01    2.2397e-01 1.9438e+01 1.3642e-12
  1248 1.6918e-01 2.2978e+01    1.9582e-01 1.9852e+01 1.4211e-12
  1200 1.4973e-01 2.3081e+01    1.7734e-01 1.9488e+01 1.1369e-12
  1152 1.3417e-01 2.2790e+01    1.5569e-01 1.9639e+01 9.6634e-13
  1104 1.1743e-01 2.2917e+01    1.3883e-01 1.9385e+01 6.8212e-13
  1056 1.0407e-01 2.2631e+01    1.1766e-01 2.0017e+01 5.1159e-13
  1008 8.9260e-02 2.2949e+01    9.9145e-02 2.0660e+01 2.2737e-13
   960 7.7159e-02 2.2933e+01    8.5876e-02 2.0605e+01 1.7053e-13
   912 6.7218e-02 2.2570e+01    7.3228e-02 2.0717e+01 1.1369e-13
   864 5.6960e-02 2.2646e+01    6.1805e-02 2.0871e+01 1.1369e-13
   816 4.7757e-02 2.2754e+01    5.2366e-02 2.0751e+01 1.4211e-13
   768 3.9970e-02 2.2666e+01    4.2649e-02 2.1242e+01 1.4211e-13
   720 3.3436e-02 2.2326e+01    3.3867e-02 2.2042e+01 1.1369e-13
   672 2.6745e-02 2.2693e+01    2.7242e-02 2.2279e+01 1.1369e-13
   624 2.2132e-02 2.1956e+01    2.2958e-02 2.1167e+01 1.1369e-13
   576 1.7139e-02 2.2301e+01    1.7861e-02 2.1399e+01 1.7053e-13
   528 1.3199e-02 2.2304e+01    1.3380e-02 2.2003e+01 1.1369e-13
   480 1.0136e-02 2.1821e+01    1.0017e-02 2.2081e+01 1.1369e-13
   432 7.4282e-03 2.1707e+01    7.3363e-03 2.1979e+01 5.6843e-14
   384 5.0220e-03 2.2550e+01    4.9289e-03 2.2976e+01 5.6843e-14
   336 3.3856e-03 2.2408e+01    3.3641e-03 2.2552e+01 5.6843e-14
   288 2.1165e-03 2.2573e+01    2.0222e-03 2.3626e+01 7.1054e-14
   240 1.2158e-03 2.2741e+01    1.1780e-03 2.3470e+01 4.2633e-14
   192 6.2620e-04 2.2606e+01    5.9970e-04 2.3605e+01 2.8422e-14
   144 2.7160e-04 2.1988e+01    2.5430e-04 2.3484e+01 2.8422e-14
    96 8.8700e-05 1.9949e+01    7.4100e-05 2.3880e+01 1.0658e-14
    48 1.6700e-05 1.3245e+01    1.0000e-05 2.2118e+01 5.3291e-15
];

% Maximum difference between reference and your implementation: 1.818989e-12.
