% number of repeats:% 3
% enter first, last, inc:% 48 1488 48 
data = [
%  n          reference      |         current implementation 
%        time       GFLOPS   |    time       GFLOPS     diff 
  1488 2.7937e-01 2.3586e+01    3.5120e-01 1.8762e+01 1.8190e-12
  1440 2.5076e-01 2.3815e+01    2.9706e-01 2.0103e+01 1.8190e-12
  1392 2.2785e-01 2.3675e+01    2.7006e-01 1.9975e+01 1.6485e-12
  1344 2.0340e-01 2.3871e+01    2.4881e-01 1.9514e+01 1.5348e-12
  1296 1.8216e-01 2.3900e+01    2.1399e-01 2.0344e+01 1.3642e-12
  1248 1.6340e-01 2.3791e+01    1.9006e-01 2.0454e+01 1.4211e-12
  1200 1.4556e-01 2.3743e+01    1.6595e-01 2.0825e+01 1.1369e-12
  1152 1.3139e-01 2.3272e+01    1.5735e-01 1.9432e+01 9.6634e-13
  1104 1.1633e-01 2.3134e+01    1.3340e-01 2.0173e+01 6.8212e-13
  1056 1.0191e-01 2.3111e+01    1.1562e-01 2.0370e+01 5.1159e-13
  1008 8.6194e-02 2.3765e+01    9.2555e-02 2.2132e+01 2.2737e-13
   960 7.4941e-02 2.3611e+01    8.0882e-02 2.1877e+01 1.7053e-13
   912 6.4306e-02 2.3592e+01    6.9656e-02 2.1780e+01 1.1369e-13
   864 5.4529e-02 2.3656e+01    5.7460e-02 2.2449e+01 1.1369e-13
   816 4.6146e-02 2.3549e+01    4.9081e-02 2.2141e+01 1.4211e-13
   768 3.8511e-02 2.3525e+01    4.1390e-02 2.1889e+01 1.4211e-13
   720 3.1844e-02 2.3442e+01    3.3536e-02 2.2260e+01 1.1369e-13
   672 2.5963e-02 2.3377e+01    2.7136e-02 2.2366e+01 1.1369e-13
   624 2.1094e-02 2.3037e+01    2.1367e-02 2.2742e+01 1.1369e-13
   576 1.6528e-02 2.3125e+01    1.6769e-02 2.2792e+01 1.7053e-13
   528 1.3019e-02 2.2612e+01    1.2971e-02 2.2697e+01 1.1369e-13
   480 9.6920e-03 2.2821e+01    9.5521e-03 2.3156e+01 1.1369e-13
   432 6.9569e-03 2.3177e+01    7.0846e-03 2.2760e+01 5.6843e-14
   384 5.0596e-03 2.2382e+01    4.9467e-03 2.2893e+01 5.6843e-14
   336 3.3513e-03 2.2638e+01    3.3155e-03 2.2882e+01 5.6843e-14
   288 2.0833e-03 2.2933e+01    2.0526e-03 2.3276e+01 7.1054e-14
   240 1.2138e-03 2.2778e+01    1.1896e-03 2.3241e+01 4.2633e-14
   192 6.2880e-04 2.2512e+01    6.0060e-04 2.3569e+01 2.8422e-14
   144 2.7110e-04 2.2029e+01    2.5410e-04 2.3502e+01 2.8422e-14
    96 8.8400e-05 2.0017e+01    7.3800e-05 2.3977e+01 1.0658e-14
    48 1.6800e-05 1.3166e+01    1.0000e-05 2.2118e+01 5.3291e-15
];

% Maximum difference between reference and your implementation: 1.818989e-12.
