% number of repeats:% 3
% enter first, last, inc:% 48 1488 48 
data = [
%  n          reference      |         current implementation 
%        time       GFLOPS   |    time       GFLOPS     diff 
  1488 2.7527e-01 2.3937e+01    3.4090e-01 1.9329e+01 1.8190e-12
  1440 2.4954e-01 2.3931e+01    3.0821e-01 1.9376e+01 1.8190e-12
  1392 2.2948e-01 2.3507e+01    2.8215e-01 1.9119e+01 1.6485e-12
  1344 2.0516e-01 2.3667e+01    2.5092e-01 1.9350e+01 1.5348e-12
  1296 1.8357e-01 2.3717e+01    2.2333e-01 1.9494e+01 1.3642e-12
  1248 1.6286e-01 2.3871e+01    1.9655e-01 1.9779e+01 1.4211e-12
  1200 1.4591e-01 2.3687e+01    1.7678e-01 1.9550e+01 1.1369e-12
  1152 1.2948e-01 2.3616e+01    1.5762e-01 1.9399e+01 9.6634e-13
  1104 1.1327e-01 2.3758e+01    1.3804e-01 1.9496e+01 6.8212e-13
  1056 1.0283e-01 2.2904e+01    1.1887e-01 1.9814e+01 5.1159e-13
  1008 8.7963e-02 2.3287e+01    9.8540e-02 2.0787e+01 2.2737e-13
   960 7.4495e-02 2.3753e+01    8.4806e-02 2.0865e+01 1.7053e-13
   912 6.4556e-02 2.3501e+01    7.2578e-02 2.0903e+01 1.1369e-13
   864 5.4595e-02 2.3628e+01    6.1368e-02 2.1020e+01 1.1369e-13
   816 4.6393e-02 2.3423e+01    5.0686e-02 2.1439e+01 1.4211e-13
   768 3.8407e-02 2.3589e+01    4.3057e-02 2.1041e+01 1.4211e-13
   720 3.2191e-02 2.3189e+01    3.5799e-02 2.0853e+01 1.1369e-13
   672 2.6330e-02 2.3051e+01    2.9136e-02 2.0831e+01 1.1369e-13
   624 2.1069e-02 2.3064e+01    2.2882e-02 2.1237e+01 1.1369e-13
   576 1.7070e-02 2.2390e+01    1.8512e-02 2.0647e+01 1.7053e-13
   528 1.2828e-02 2.2949e+01    1.2951e-02 2.2732e+01 1.1369e-13
   480 9.7812e-03 2.2613e+01    9.4976e-03 2.3288e+01 1.1369e-13
   432 6.9563e-03 2.3179e+01    6.9414e-03 2.3229e+01 5.6843e-14
   384 4.8302e-03 2.3445e+01    4.8263e-03 2.3464e+01 5.6843e-14
   336 3.2318e-03 2.3475e+01    3.2457e-03 2.3374e+01 5.6843e-14
   288 2.0473e-03 2.3336e+01    2.0112e-03 2.3755e+01 7.1054e-14
   240 1.1895e-03 2.3243e+01    1.1722e-03 2.3586e+01 4.2633e-14
   192 6.1950e-04 2.2850e+01    5.9320e-04 2.3863e+01 2.8422e-14
   144 2.6960e-04 2.2151e+01    2.5380e-04 2.3530e+01 2.8422e-14
    96 8.7800e-05 2.0153e+01    7.4000e-05 2.3912e+01 1.0658e-14
    48 1.6800e-05 1.3166e+01    1.0000e-05 2.2118e+01 5.3291e-15
];

% Maximum difference between reference and your implementation: 1.818989e-12.
