# Created by Octave 4.2.1, Wed Feb 07 15:47:11 2018 GMT <unknown@unknown>
# name: homeWork
# type: matrix
# rows: 1
# columns: 260
 10.7700900408985 12.34848307076076 11.45865448461542 7.876907127317333 10.60927067012889 10.24856409202935 10.26246506188828 9.182831111178091 11.02469793002253 11.51580427005351 8.970051204596089 10.20020228070774 11.64744707177378 11.95953356525639 9.831728136319271 11.50348645770275 12.01189276390157 9.19205029993395 10.82704963169038 9.823250263604169 11.06589249768474 12.11377732829073 10.12621493445384 9.105224325885306 7.760045602877932 11.74105715836469 8.525019908395944 7.906822560624403 8.709615666711988 7.890036357950434 8.105975221399222 10.28518684686273 8.173065866501789 9.27945074643333 9.863992266761468 7.571377626494426 9.137285746993902 9.703412243374027 10.04442142083188 8.80589308374274 10.82247605023976 8.855085051764107 9.98599757882443 11.24791242385114 13.50392386202198 8.789938189488193 10.49347630279683 12.04620465713118 9.876755844633978 8.872471310284539 8.73333471914146 10.07932949306738 11.80530979218114 10.07909563969264 8.995766075041109 9.291420607885351 12.41393489971338 11.44119423029387 9.030842418111632 10.98299482755312 11.57097300352922 9.620924874002828 10.97139594554653 11.22950120018994 10.16105662406944 10.00984146147871 11.23079962232579 12.46434620647927 9.508172097296391 10.17110667426239 7.942480548323358 9.480863553291446 9.347542235332504 7.388357016437046 7.437574514663813 12.48938596038463 11.8145758255429 13.59856288309285 9.017579516230025 8.348492544784959 8.508070228068137 10.19777604534732 9.549580945125713 9.884762013978509 10.11851330932869 11.49474065040976 12.03339230302211 11.1092108882358 10.9410661406593 9.311288022535885 11.19027249539881 8.993110160333496 9.816158313938345 8.054384965216771 9.502763494127164 6.100254865047685 7.343695480578442 9.981216097764417 8.092145939710898 11.72021623606896 10.80060150053813 10.01240430244102 11.59611727300445 10.1843598081437 10.12082265865994 11.04667988878279 7.306848925216789 8.790733612070603 10.27029513465403 10.33827613617183 10.29435135756687 11.96686999803628 11.17419029094121 10.31648440637797 8.570147472911817 13.13400006067288 11.49826173908935 10.60164579603327 9.844022462958508 10.53070939610062 9.331674059129815 8.926494034314775 8.649058620047111 7.863876449263008 8.058399909280899 7.104236216874978 12.84886391783445 9.527585274667285 9.684663163613727 10.26667279143527 10.78167694852909 11.21081141460531 12.78294629437183 11.58794172766066 10.89757738692211 9.719583561903367 9.885696836134768 9.286375372314131 9.351635175573682 9.294678072170599 12.72222986652823 8.242724869291472 10.64109600010724 10.63557465141248 10.9644783617339 10.49155155608012 11.31572993583463 9.245291057651869 10.33084844142961 10.76181745575491 8.310194608968493 9.041845170241098 10.58659450828284 10.37046514495739 10.28673108253111 11.30156685555749 8.997098112884414 10.89792563572951 12.40935971502667 8.806838103690172 10.00764878378276 9.974959021477899 11.23970134395771 8.96630740092681 9.419433864369919 9.722646462580894 10.06406918772092 10.3013949770616 6.403579004387841 10.70436778270507 7.380980488397727 9.157000527461392 10.4230461435573 9.325548080659976 8.995825305631982 11.55900564195853 11.86533026869127 10.8174055470043 8.938956342159416 12.48338431430977 9.735679699430802 9.300299440632314 8.650440606430291 10.65448000274642 10.33701846325954 9.636297787566541 8.154020251469074 9.929997340838566 8.347554593170143 10.33711891266896 10.44212303163117 9.531119479248119 10.27722388320154 7.272748553384366 8.69193134294235 11.89935764710499 11.67734239005349 12.96774731627667 10.32113000817335 10.10449819619585 10.55981315801683 7.921663277020044 8.443822647881765 12.37044308717911 10.61895962275725 7.179506171258325 10.35602862478557 8.806116845325016 8.188159421990893 10.45453947158647 9.307742528182901 8.186067631267191 8.938092338958747 12.10996551285741 7.509939183365282 8.717089580143917 10.22809911630354 11.53325300530818 7.813456006816615 7.580913150380889 8.331021090252735 11.17063573506681 11.72589942422934 11.92933217537866 11.29227233374581 9.282738876551766 8.062001723058255 11.0550457729654 10.60210750144069 11.71256271566148 11.78793070207029 8.651902649473572 9.862840123067299 11.58724607859189 12.56735946017545 11.60295633559379 10.53040701040029 9.145690631055468 9.60602148457561 7.626667391042801 10.53926770390264 10.7288155990668 11.14196919914577 10.55053626688236 11.80117521379016 9.745165625643265 12.53286885356794 11.15013703036111 9.549904594881834 12.05028689190035 9.338463412330119 8.818805865213044 11.68966000902002 11.61263515427188 7.656290142951676 10.82910073829949 8.061331421337272 9.271572050818767 12.52612642122376 11.09926347395277


