# Created by Octave 4.2.1, Wed Feb 07 15:47:11 2018 GMT <unknown@unknown>
# name: workHome
# type: matrix
# rows: 1
# columns: 260
 8.967522677277493 10.33026127382342 10.05767506725187 13.63342004023494 13.29027166354589 9.88087013384393 9.258789088758375 12.17697170315163 8.491556329476325 8.364282200354422 7.328456624736496 11.89393526611629 12.96728292875942 11.03287415840693 7.162490521314327 8.626951939770375 11.61906586637285 9.196865521492187 9.242873917371554 12.17750861762628 11.59673088074512 12.28621798934461 8.87288982558986 11.08127736336884 11.42804611840021 8.877870862823213 8.556446513833512 13.770604117948 9.937489622233748 7.709567665593946 7.598471047318411 11.10722420604026 10.0791458089688 9.394943413898231 10.37860550413997 7.175026957977976 13.58651946922998 9.126604229953639 11.18838495017522 9.110371919186205 9.342257857117501 11.94732608001094 8.605172556301703 8.219096755023729 7.429435064420655 9.972802608014268 9.569831008109876 10.12608858582552 11.22116798385741 12.91154536683639 9.254032812272349 10.57128476581321 9.969408699285516 10.71524855554984 5.972402724525723 12.57427266315699 11.75743158815447 13.22689413963092 8.474494017368244 10.37433857792544 9.65176380130173 8.957213481862011 8.646978882848927 9.115463191070214 7.168428495409404 12.09574496243262 9.728260039350941 10.14050928768253 8.842805778314972 11.45369629012836 8.097590024477853 6.489016712866557 9.371792264431784 9.680886811527822 13.9489653560204 7.631345669438711 10.60686276102788 10.6431097016778 10.83518124065687 12.01641013021654 9.881766388324499 10.71631575858607 15.11142617518222 9.9883686643737 9.52557690763444 8.277704996609977 10.61083694329128 9.306963098077784 7.315551567492207 6.384896881342829 9.085728928950017 13.6604605258214 11.14179830800409 10.79402466863026 8.069431707230425 11.68311059055531 11.53702467669167 10.06237723927013 8.800475950364619 10.3631139901304 10.5933907500849 10.81511654039389 7.986256461945695 11.04939937599716 11.91669833843492 11.90988750256344 11.75717999976539 8.750818933276847 10.04411376381695 13.69622792580786 8.585574997156346 6.590772561117213 13.64952184976346 10.37856929945569 14.41903983710711 8.681402697325263 11.73002840584285 11.43998116525926 12.06050706386267 10.1562843873613 8.217149498015177 8.247093123349821 10.86166083933812 8.558016171420185 10.66771809325835 7.561349562195541 10.03465476139251 9.656158334248742 11.10421937903848 11.41318085870504 9.956885708711058 10.37055323080459 7.431187199429752 9.32007488523859 14.25429554187835 8.879908019809903 6.979204464272954 9.047188531376028 9.873168862807894 6.97913317335901 10.82385867883196 8.38646832153171 10.22571553114794 7.941925408817243 7.134440386315538 10.19976141175825 9.925230064555745 11.67025797038617 7.786474480386625 12.06342850955017 11.50859452677651 11.70348000704169 11.66144197629861 10.8365531579235 11.75826462924429 8.679512120020474 8.594064320357573 8.010208966435474 12.41508552120378 10.42587135068738 11.69253319014581 11.24959946103351 5.803942167410156 9.999132314703299 10.00872072938004 7.210356599087498 11.61053972761267 9.85798178775698 8.348430721660838 8.927120048441688 10.2328222512225 9.251860288856223 8.551205582103004 11.49293374505951 7.494659149750642 10.48033691354023 10.02455280041415 10.42794888129204 11.32145333086184 9.113810261061779 9.963686423889577 14.12972759345791 10.57912735445305 8.645925579710404 11.59890653528312 12.53859854255359 9.597088022484526 11.33323839998597 11.45986119191651 10.16840281453962 11.80056229726929 7.561040424534164 8.737909993180306 12.74358277591885 8.047242047128597 7.049028510430915 11.21721947048306 5.975181698441308 8.512333199057069 10.48671443686004 10.17589282135211 12.30809414694109 9.627210722060363 8.754576299996311 10.3505809286559 9.452341681273845 7.044936775038888 9.9789200986746 12.67860271606433 12.29606213406524 13.20470707937879 11.14072655941118 11.84252540122101 10.18385159556977 8.995407839270319 8.315398153510305 9.760622494634747 9.352608607550918 9.259580311101121 10.0120040809878 12.61276421151815 11.52817216688852 12.35816035019186 6.855950438456746 10.28702501342389 6.192016658222558 10.41195978133811 7.314429127776056 8.861174892049524 11.09429575287494 11.34490405071405 12.35726852526804 11.27728469575184 7.954288134043215 8.194262820713025 9.292291750097695 8.916494945481107 7.110174144985415 13.04772065321653 8.657279280683793 8.405204594563081 9.125865162651392 6.860198561315311 13.84551464495187 9.954630319908601 11.59239205589641 10.31774987268383 9.198199620640425 5.861185297760997 10.14863881618941 9.456082289595921 14.18529143012459 9.98902680660481 8.368085503794354 12.90303794334723 9.005177126171519 9.744650007027854 13.08197686294715 13.99666279740563 9.21306885555437


